version https://git-lfs.github.com/spec/v1
oid sha256:e3761ba9a30685f4f03d619bb2b46afab0973878ac38faeb45c2a2ce02ca1dfa
size 5716
