原用户名	原内容	原发布时间	转发用户名	转发用户id	转发内容	点赞数	转发时间	转发来源
芒果影视网	:#再无法超越的经典角色# 刘北山是坠落在泥沼里的天使,而易烊千玺是在也无法超越的经典！@TFBOYS-易烊千玺 芒果影视网的微博视频 	2020-09-08 13:11:14    	留个歪歪	5772163856	留个歪歪:少年的你真的很棒	赞[0]	2020-09-08 14:21:13	来自微博搜索
芒果影视网	:#再无法超越的经典角色# 刘北山是坠落在泥沼里的天使,而易烊千玺是在也无法超越的经典！@TFBOYS-易烊千玺 芒果影视网的微博视频 	2020-09-08 13:11:14    	CEMKIN	2705949051	CEMKIN:转发	赞[0]	2020-09-08 13:31:25	来自iPhone客户端
芒果影视网	:#再无法超越的经典角色# 刘北山是坠落在泥沼里的天使,而易烊千玺是在也无法超越的经典！@TFBOYS-易烊千玺 芒果影视网的微博视频 	2020-09-08 13:11:14    	yucelery	1287858484	yucelery:#易烊千玺送你一朵小红花# #易烊千玺[超话]#    前头的那几个镜头是刘北山借车的时候吧！啊～易烊千玺演得真好呀！刘北山真的是蛊王！@TFBOYS-易烊千玺 	赞[0]	2020-09-08 15:43:03	来自iPad Pro
芒果影视网	:#再无法超越的经典角色# 刘北山是坠落在泥沼里的天使,而易烊千玺是在也无法超越的经典！@TFBOYS-易烊千玺 芒果影视网的微博视频 	2020-09-08 13:11:14    	喝一杯多肉葡萄吧	7455348835	喝一杯多肉葡萄吧:是的	赞[0]	2020-09-08 15:39:12	来自iPhone客户端
芒果影视网	:#再无法超越的经典角色# 刘北山是坠落在泥沼里的天使,而易烊千玺是在也无法超越的经典！@TFBOYS-易烊千玺 芒果影视网的微博视频 	2020-09-08 13:11:14    	席峰峰	1691692700	席峰峰:我永远的少年	赞[0]	2020-09-08 15:37:29	来自iPhone 6s Plus
芒果影视网	:#再无法超越的经典角色# 刘北山是坠落在泥沼里的天使,而易烊千玺是在也无法超越的经典！@TFBOYS-易烊千玺 芒果影视网的微博视频 	2020-09-08 13:11:14    	独一无二的封闭货车	5096208584	独一无二的封闭货车:啊啊啊啊啊啊啊啊北哥	赞[0]	2020-09-08 15:33:02	来自nova4自拍极点全面屏
芒果影视网	:#再无法超越的经典角色# 刘北山是坠落在泥沼里的天使,而易烊千玺是在也无法超越的经典！@TFBOYS-易烊千玺 芒果影视网的微博视频 	2020-09-08 13:11:14    	拼尽易生玺欢你	6650124813	拼尽易生玺欢你:少年的你 小北 久久不能忘怀	赞[0]	2020-09-08 15:28:08	来自iPhone客户端
芒果影视网	:#再无法超越的经典角色# 刘北山是坠落在泥沼里的天使,而易烊千玺是在也无法超越的经典！@TFBOYS-易烊千玺 芒果影视网的微博视频 	2020-09-08 13:11:14    	想吃肥烊卷儿	6436389508	想吃肥烊卷儿:转发微博	赞[0]	2020-09-08 15:27:32	来自nova7你在焦点在
芒果影视网	:#再无法超越的经典角色# 刘北山是坠落在泥沼里的天使,而易烊千玺是在也无法超越的经典！@TFBOYS-易烊千玺 芒果影视网的微博视频 	2020-09-08 13:11:14    	鹤鹤初试加油吖	7453282791	鹤鹤初试加油吖:刘北山仿佛不是一个角色，就是一个现实生活中存在的一个人！	赞[0]	2020-09-08 15:26:25	来自荣耀7X 全面屏手机
芒果影视网	:#再无法超越的经典角色# 刘北山是坠落在泥沼里的天使,而易烊千玺是在也无法超越的经典！@TFBOYS-易烊千玺 芒果影视网的微博视频 	2020-09-08 13:11:14    	浅汐oath	5717123645	浅汐oath:转发微博	赞[0]	2020-09-08 15:15:12	来自魅族 16 旗舰手机
芒果影视网	:#再无法超越的经典角色# 刘北山是坠落在泥沼里的天使,而易烊千玺是在也无法超越的经典！@TFBOYS-易烊千玺 芒果影视网的微博视频 	2020-09-08 13:11:14    	風铃15424	6057880847	風铃15424:转发微博	赞[0]	2020-09-08 16:31:50	来自小米10 青春版 5G
芒果影视网	:#再无法超越的经典角色# 刘北山是坠落在泥沼里的天使,而易烊千玺是在也无法超越的经典！@TFBOYS-易烊千玺 芒果影视网的微博视频 	2020-09-08 13:11:14    	yi支草莓味de棒棒tang	6568873484	yi支草莓味de棒棒tang:转发微博	赞[0]	2020-09-08 16:01:05	来自nova7你在焦点在
芒果影视网	:#再无法超越的经典角色# 刘北山是坠落在泥沼里的天使,而易烊千玺是在也无法超越的经典！@TFBOYS-易烊千玺 芒果影视网的微博视频 	2020-09-08 13:11:14    	樱桃四玺丸子	5885862269	樱桃四玺丸子:转发微博	赞[0]	2020-09-08 15:56:21	来自iPad客户端
芒果影视网	:#再无法超越的经典角色# 刘北山是坠落在泥沼里的天使,而易烊千玺是在也无法超越的经典！@TFBOYS-易烊千玺 芒果影视网的微博视频 	2020-09-08 13:11:14    	饭米粒儿0121	3976067569	饭米粒儿0121:转发微博	赞[0]	2020-09-08 17:26:46	来自nova5Pro人像超级夜景
芒果影视网	:#再无法超越的经典角色# 刘北山是坠落在泥沼里的天使,而易烊千玺是在也无法超越的经典！@TFBOYS-易烊千玺 芒果影视网的微博视频 	2020-09-08 13:11:14    	隐明灯而未前	6174966495	隐明灯而未前:小北#易烊千玺送你一朵小红花#	赞[0]	2020-09-08 17:24:52	来自OPPO Reno4 5G
芒果影视网	:#再无法超越的经典角色# 刘北山是坠落在泥沼里的天使,而易烊千玺是在也无法超越的经典！@TFBOYS-易烊千玺 芒果影视网的微博视频 	2020-09-08 13:11:14    	放下脚步慢生活	6273296167	放下脚步慢生活:#易烊千玺登顶福布斯中国名人榜#	赞[0]	2020-09-08 17:20:36	来自iPhone客户端
芒果影视网	:#再无法超越的经典角色# 刘北山是坠落在泥沼里的天使,而易烊千玺是在也无法超越的经典！@TFBOYS-易烊千玺 芒果影视网的微博视频 	2020-09-08 13:11:14    	一直在努力的小疯子	6653589533	一直在努力的小疯子:转发微博	赞[0]	2020-09-08 17:08:29	来自OPPO超视野全面屏R15
芒果影视网	:#再无法超越的经典角色# 刘北山是坠落在泥沼里的天使,而易烊千玺是在也无法超越的经典！@TFBOYS-易烊千玺 芒果影视网的微博视频 	2020-09-08 13:11:14    	易万人迷_	5680888893	易万人迷_:北	赞[0]	2020-09-08 16:45:17	来自iPhone客户端
芒果影视网	:#再无法超越的经典角色# 刘北山是坠落在泥沼里的天使,而易烊千玺是在也无法超越的经典！@TFBOYS-易烊千玺 芒果影视网的微博视频 	2020-09-08 13:11:14    	玺欢唐易	7150029867	玺欢唐易:转发微博	赞[0]	2020-09-08 18:53:17	来自荣耀10 AI变色更潮美
芒果影视网	:#再无法超越的经典角色# 刘北山是坠落在泥沼里的天使,而易烊千玺是在也无法超越的经典！@TFBOYS-易烊千玺 芒果影视网的微博视频 	2020-09-08 13:11:14    	佳琦BY	5534025330	佳琦BY:转发微博	赞[0]	2020-09-08 18:48:26	来自OPPO Find X2 Pro
芒果影视网	:#再无法超越的经典角色# 刘北山是坠落在泥沼里的天使,而易烊千玺是在也无法超越的经典！@TFBOYS-易烊千玺 芒果影视网的微博视频 	2020-09-08 13:11:14    	北重YovZ	6797203707	北重YovZ:转发微博	赞[0]	2020-09-08 18:31:36	来自vivo X20全面屏手机
芒果影视网	:#再无法超越的经典角色# 刘北山是坠落在泥沼里的天使,而易烊千玺是在也无法超越的经典！@TFBOYS-易烊千玺 芒果影视网的微博视频 	2020-09-08 13:11:14    	火羊羊271	6662012596	火羊羊271:这话我爱听	赞[0]	2020-09-08 18:25:18	来自nova4自拍极点全面屏
芒果影视网	:#再无法超越的经典角色# 刘北山是坠落在泥沼里的天使,而易烊千玺是在也无法超越的经典！@TFBOYS-易烊千玺 芒果影视网的微博视频 	2020-09-08 13:11:14    	吃火锅不嘞	6761462780	吃火锅不嘞:转发微博	赞[0]	2020-09-08 18:12:51	来自nova7Pro你在焦点在
芒果影视网	:#再无法超越的经典角色# 刘北山是坠落在泥沼里的天使,而易烊千玺是在也无法超越的经典！@TFBOYS-易烊千玺 芒果影视网的微博视频 	2020-09-08 13:11:14    	封闭货车里的小可爱	7331579402	封闭货车里的小可爱:转发微博	赞[0]	2020-09-08 17:50:55	来自nova7你在焦点在
芒果影视网	:#再无法超越的经典角色# 刘北山是坠落在泥沼里的天使,而易烊千玺是在也无法超越的经典！@TFBOYS-易烊千玺 芒果影视网的微博视频 	2020-09-08 13:11:14    	多多布哆啦	7493686167	多多布哆啦:小北#易烊千玺送你一朵小红花#	赞[0]	2020-09-08 19:12:41	来自iPhone客户端
芒果影视网	:#再无法超越的经典角色# 刘北山是坠落在泥沼里的天使,而易烊千玺是在也无法超越的经典！@TFBOYS-易烊千玺 芒果影视网的微博视频 	2020-09-08 13:11:14    	故事起源玺	7247909220	故事起源玺://@芒果影视网：#再无法超越的经典角色# 刘北山是坠落在泥沼里的天使,而易烊千玺是在也无法超越的经典！@TFBOYS-易烊千玺 http://t.cn/A64Xc9du 	赞[0]	2020-09-08 19:09:10	来自超话
芒果影视网	:#再无法超越的经典角色# 刘北山是坠落在泥沼里的天使,而易烊千玺是在也无法超越的经典！@TFBOYS-易烊千玺 芒果影视网的微博视频 	2020-09-08 13:11:14    	十六事	7072361245	十六事:呀呀呀呀呀呀！	赞[0]	2020-09-08 19:05:06	来自HUAWEI nova 3e
芒果影视网	:#再无法超越的经典角色# 刘北山是坠落在泥沼里的天使,而易烊千玺是在也无法超越的经典！@TFBOYS-易烊千玺 芒果影视网的微博视频 	2020-09-08 13:11:14    	十六事	7072361245	十六事:转发微博	赞[0]	2020-09-08 19:04:53	来自HUAWEI nova 3e
芒果影视网	:#再无法超越的经典角色# 刘北山是坠落在泥沼里的天使,而易烊千玺是在也无法超越的经典！@TFBOYS-易烊千玺 芒果影视网的微博视频 	2020-09-08 13:11:14    	浔逸荼靡	5650579441	浔逸荼靡:转发微博	赞[0]	2020-09-08 19:00:59	来自vivo X27
芒果影视网	:#再无法超越的经典角色# 刘北山是坠落在泥沼里的天使,而易烊千玺是在也无法超越的经典！@TFBOYS-易烊千玺 芒果影视网的微博视频 	2020-09-08 13:11:14    	苏柒没睡醒	6222835504	苏柒没睡醒://@芒果影视网：#再无法超越的经典角色# 刘北山是坠落在泥沼里的天使,而易烊千玺是在也无法超越的经典！@TFBOYS-易烊千玺 http://t.cn/A64Xc9du 	赞[3]	2020-09-08 19:00:19	来自超话
芒果影视网	:#再无法超越的经典角色# 刘北山是坠落在泥沼里的天使,而易烊千玺是在也无法超越的经典！@TFBOYS-易烊千玺 芒果影视网的微博视频 	2020-09-08 13:11:14    	瑶摇玺玺啊	6576044490	瑶摇玺玺啊:转发微博	赞[0]	2020-09-08 18:54:27	来自HUAWEI nova 2s
芒果影视网	:#再无法超越的经典角色# 刘北山是坠落在泥沼里的天使,而易烊千玺是在也无法超越的经典！@TFBOYS-易烊千玺 芒果影视网的微博视频 	2020-09-08 13:11:14    	梨涡小王子wan	6178408545	梨涡小王子wan:小北	赞[0]	2020-09-08 19:56:01	来自💰 💰 Android
芒果影视网	:#再无法超越的经典角色# 刘北山是坠落在泥沼里的天使,而易烊千玺是在也无法超越的经典！@TFBOYS-易烊千玺 芒果影视网的微博视频 	2020-09-08 13:11:14    	Dear-千玺1128	6867899209	Dear-千玺1128:转发微博	赞[0]	2020-09-08 19:54:51	来自vivo 全新水滴屏手机
芒果影视网	:#再无法超越的经典角色# 刘北山是坠落在泥沼里的天使,而易烊千玺是在也无法超越的经典！@TFBOYS-易烊千玺 芒果影视网的微博视频 	2020-09-08 13:11:14    	家琳1991	6520773923	家琳1991:轉發微博	赞[0]	2020-09-08 19:54:12	来自iPhone 11
芒果影视网	:#再无法超越的经典角色# 刘北山是坠落在泥沼里的天使,而易烊千玺是在也无法超越的经典！@TFBOYS-易烊千玺 芒果影视网的微博视频 	2020-09-08 13:11:14    	二十小企鹅	6315553506	二十小企鹅:小北，想你了#易烊千玺虚拟形象代言天猫# #电影送你一朵小红花# #卓立百舸七载越,易烊千玺势拔节# #易烊千玺[超话]#	赞[0]	2020-09-08 19:53:12	来自vivo X23 AI非凡摄影
芒果影视网	:#再无法超越的经典角色# 刘北山是坠落在泥沼里的天使,而易烊千玺是在也无法超越的经典！@TFBOYS-易烊千玺 芒果影视网的微博视频 	2020-09-08 13:11:14    	北X玺欢	6193105924	北X玺欢:转发微博	赞[0]	2020-09-08 19:46:14	来自nova4e 3200W立体美颜
芒果影视网	:#再无法超越的经典角色# 刘北山是坠落在泥沼里的天使,而易烊千玺是在也无法超越的经典！@TFBOYS-易烊千玺 芒果影视网的微博视频 	2020-09-08 13:11:14    	顾鹤珏	6356794190	顾鹤珏:转发微博	赞[0]	2020-09-08 19:30:07	来自OPPO A7
芒果影视网	:#再无法超越的经典角色# 刘北山是坠落在泥沼里的天使,而易烊千玺是在也无法超越的经典！@TFBOYS-易烊千玺 芒果影视网的微博视频 	2020-09-08 13:11:14    	跟t少联系	6089496398	跟t少联系:转发微博	赞[0]	2020-09-08 19:29:01	来自vivo智能手机
芒果影视网	:#再无法超越的经典角色# 刘北山是坠落在泥沼里的天使,而易烊千玺是在也无法超越的经典！@TFBOYS-易烊千玺 芒果影视网的微博视频 	2020-09-08 13:11:14    	英俊的为了明天	6049602205	英俊的为了明天:平静海面下暗涌 沸腾不断 升起焰火  如果能 马上就奔向港口  粉色雾气指引着  只有你和我 出发向海尽头漂流#易烊千玺送你一朵小红花#[/cp]	赞[0]	2020-09-08 20:35:07	来自超话
芒果影视网	:#再无法超越的经典角色# 刘北山是坠落在泥沼里的天使,而易烊千玺是在也无法超越的经典！@TFBOYS-易烊千玺 芒果影视网的微博视频 	2020-09-08 13:11:14    	清浅筝落	7219929600	清浅筝落:转发微博	赞[0]	2020-09-08 20:32:23	来自荣耀20
芒果影视网	:#再无法超越的经典角色# 刘北山是坠落在泥沼里的天使,而易烊千玺是在也无法超越的经典！@TFBOYS-易烊千玺 芒果影视网的微博视频 	2020-09-08 13:11:14    	枍杄枲	7190708690	枍杄枲:转发微博	赞[0]	2020-09-08 20:29:59	来自麦芒 8
芒果影视网	:#再无法超越的经典角色# 刘北山是坠落在泥沼里的天使,而易烊千玺是在也无法超越的经典！@TFBOYS-易烊千玺 芒果影视网的微博视频 	2020-09-08 13:11:14    	千总的小娇妻妻	7142782885	千总的小娇妻妻:#易烊千玺送你一朵小红花# #易烊千玺[超话]#	赞[0]	2020-09-08 20:18:04	来自iPhone客户端
芒果影视网	:#再无法超越的经典角色# 刘北山是坠落在泥沼里的天使,而易烊千玺是在也无法超越的经典！@TFBOYS-易烊千玺 芒果影视网的微博视频 	2020-09-08 13:11:14    	贪念你的旧时光	5390333953	贪念你的旧时光:转发微博	赞[0]	2020-09-08 20:10:40	来自前后2000万 OPPO R11
芒果影视网	:#再无法超越的经典角色# 刘北山是坠落在泥沼里的天使,而易烊千玺是在也无法超越的经典！@TFBOYS-易烊千玺 芒果影视网的微博视频 	2020-09-08 13:11:14    	我是梅梅美少女	3156002624	我是梅梅美少女:转发微博	赞[0]	2020-09-08 20:03:55	来自iPhone客户端
芒果影视网	:#再无法超越的经典角色# 刘北山是坠落在泥沼里的天使,而易烊千玺是在也无法超越的经典！@TFBOYS-易烊千玺 芒果影视网的微博视频 	2020-09-08 13:11:14    	小小小易夫人	6520781706	小小小易夫人:转发微博	赞[0]	2020-09-08 20:00:45	来自华为手机
芒果影视网	:#再无法超越的经典角色# 刘北山是坠落在泥沼里的天使,而易烊千玺是在也无法超越的经典！@TFBOYS-易烊千玺 芒果影视网的微博视频 	2020-09-08 13:11:14    	满脑都是你耶	5263572169	满脑都是你耶:转发微博	赞[0]	2020-09-08 20:00:37	来自OPPO智能手机
芒果影视网	:#再无法超越的经典角色# 刘北山是坠落在泥沼里的天使,而易烊千玺是在也无法超越的经典！@TFBOYS-易烊千玺 芒果影视网的微博视频 	2020-09-08 13:11:14    	Jackson易416	6528675108	Jackson易416:转发微博	赞[0]	2020-09-08 21:19:56	来自前后2000万 OPPO R11s
芒果影视网	:#再无法超越的经典角色# 刘北山是坠落在泥沼里的天使,而易烊千玺是在也无法超越的经典！@TFBOYS-易烊千玺 芒果影视网的微博视频 	2020-09-08 13:11:14    	霸王花还是大王花	6733909539	霸王花还是大王花:转发微博	赞[0]	2020-09-08 21:19:41	来自红米Redmi
芒果影视网	:#再无法超越的经典角色# 刘北山是坠落在泥沼里的天使,而易烊千玺是在也无法超越的经典！@TFBOYS-易烊千玺 芒果影视网的微博视频 	2020-09-08 13:11:14    	宝儿是玺子儿	6074079084	宝儿是玺子儿:小北就是最的！！#卓立百舸七载越,易烊千玺势拔节#	赞[0]	2020-09-08 21:15:04	来自iPhone 6 Plus
芒果影视网	:#再无法超越的经典角色# 刘北山是坠落在泥沼里的天使,而易烊千玺是在也无法超越的经典！@TFBOYS-易烊千玺 芒果影视网的微博视频 	2020-09-08 13:11:14    	_888y_	6011927825	_888y_:转发微博	赞[0]	2020-09-08 21:13:33	来自iPhone客户端
芒果影视网	:#再无法超越的经典角色# 刘北山是坠落在泥沼里的天使,而易烊千玺是在也无法超越的经典！@TFBOYS-易烊千玺 芒果影视网的微博视频 	2020-09-08 13:11:14    	上树小屁孩	7283773316	上树小屁孩:转发微博	赞[0]	2020-09-08 21:08:45	来自Android客户端
芒果影视网	:#再无法超越的经典角色# 刘北山是坠落在泥沼里的天使,而易烊千玺是在也无法超越的经典！@TFBOYS-易烊千玺 芒果影视网的微博视频 	2020-09-08 13:11:14    	把奶烊藏在兜里Y	7238910824	把奶烊藏在兜里Y:转发微博	赞[1]	2020-09-08 20:57:00	来自nova5i 2400万AI四摄
芒果影视网	:#再无法超越的经典角色# 刘北山是坠落在泥沼里的天使,而易烊千玺是在也无法超越的经典！@TFBOYS-易烊千玺 芒果影视网的微博视频 	2020-09-08 13:11:14    	四字弟弟的三拾壹	7407490363	四字弟弟的三拾壹:转发微博	赞[1]	2020-09-08 20:52:53	来自华为畅享 10e
芒果影视网	:#再无法超越的经典角色# 刘北山是坠落在泥沼里的天使,而易烊千玺是在也无法超越的经典！@TFBOYS-易烊千玺 芒果影视网的微博视频 	2020-09-08 13:11:14    	不做别人生命里的插曲	6417158170	不做别人生命里的插曲:转发微博	赞[0]	2020-09-08 20:52:47	来自
芒果影视网	:#再无法超越的经典角色# 刘北山是坠落在泥沼里的天使,而易烊千玺是在也无法超越的经典！@TFBOYS-易烊千玺 芒果影视网的微博视频 	2020-09-08 13:11:14    	易鹿forever	6349434974	易鹿forever://@芒果影视网：#再无法超越的经典角色# 刘北山是坠落在泥沼里的天使,而易烊千玺是在也无法超越的经典！@TFBOYS-易烊千玺 http://t.cn/A64Xc9du 	赞[0]	2020-09-08 20:51:15	来自超话
芒果影视网	:#再无法超越的经典角色# 刘北山是坠落在泥沼里的天使,而易烊千玺是在也无法超越的经典！@TFBOYS-易烊千玺 芒果影视网的微博视频 	2020-09-08 13:11:14    	被追捕的旅客1128	7154627136	被追捕的旅客1128:转发微博	赞[0]	2020-09-08 22:21:38	来自OPPO随光而变R17
芒果影视网	:#再无法超越的经典角色# 刘北山是坠落在泥沼里的天使,而易烊千玺是在也无法超越的经典！@TFBOYS-易烊千玺 芒果影视网的微博视频 	2020-09-08 13:11:14    	_4444x钰玺丸子_	6477356170	_4444x钰玺丸子_:想小北了#再无法超越的经典角色# 	赞[0]	2020-09-08 22:15:38	来自
芒果影视网	:#再无法超越的经典角色# 刘北山是坠落在泥沼里的天使,而易烊千玺是在也无法超越的经典！@TFBOYS-易烊千玺 芒果影视网的微博视频 	2020-09-08 13:11:14    	Min喜欢甜	7384739176	Min喜欢甜:小北#易烊千玺送你一朵小红花# 	赞[0]	2020-09-08 22:03:34	来自快充长续航魅蓝 Note5
芒果影视网	:#再无法超越的经典角色# 刘北山是坠落在泥沼里的天使,而易烊千玺是在也无法超越的经典！@TFBOYS-易烊千玺 芒果影视网的微博视频 	2020-09-08 13:11:14    	笪苑榆楹	5856002536	笪苑榆楹:好事总会发生在下个转弯#卓立百舸七载越,易烊千玺势拔节#	赞[0]	2020-09-08 21:56:01	来自nova5 人像超级夜景
芒果影视网	:#再无法超越的经典角色# 刘北山是坠落在泥沼里的天使,而易烊千玺是在也无法超越的经典！@TFBOYS-易烊千玺 芒果影视网的微博视频 	2020-09-08 13:11:14    	儒然若水1	3482022583	儒然若水1:转发微博	赞[0]	2020-09-08 21:50:08	来自HUAWEI Mate 20
芒果影视网	:#再无法超越的经典角色# 刘北山是坠落在泥沼里的天使,而易烊千玺是在也无法超越的经典！@TFBOYS-易烊千玺 芒果影视网的微博视频 	2020-09-08 13:11:14    	翊玥是鹤吖	6176606707	翊玥是鹤吖:北哥永远的神	赞[0]	2020-09-08 21:29:17	来自iPhone客户端
芒果影视网	:#再无法超越的经典角色# 刘北山是坠落在泥沼里的天使,而易烊千玺是在也无法超越的经典！@TFBOYS-易烊千玺 芒果影视网的微博视频 	2020-09-08 13:11:14    	烊烊不胖源源不肥	6859310461	烊烊不胖源源不肥:好想刘北山	赞[0]	2020-09-08 22:35:38	来自HUAWEI Mate 20
芒果影视网	:#再无法超越的经典角色# 刘北山是坠落在泥沼里的天使,而易烊千玺是在也无法超越的经典！@TFBOYS-易烊千玺 芒果影视网的微博视频 	2020-09-08 13:11:14    	Jackson27335	7182977214	Jackson27335:转发微博	赞[0]	2020-09-08 22:32:16	来自全屏双摄 OPPO A5
芒果影视网	:#再无法超越的经典角色# 刘北山是坠落在泥沼里的天使,而易烊千玺是在也无法超越的经典！@TFBOYS-易烊千玺 芒果影视网的微博视频 	2020-09-08 13:11:14    	董涛2012	6814765545	董涛2012:转发微博	赞[0]	2020-09-08 22:29:08	来自iPhone客户端
芒果影视网	:#再无法超越的经典角色# 刘北山是坠落在泥沼里的天使,而易烊千玺是在也无法超越的经典！@TFBOYS-易烊千玺 芒果影视网的微博视频 	2020-09-08 13:11:14    	一九七x四六	3285701645	一九七x四六:转发微博	赞[0]	2020-09-08 22:28:31	来自nova6 5G自拍大不一样
芒果影视网	:#再无法超越的经典角色# 刘北山是坠落在泥沼里的天使,而易烊千玺是在也无法超越的经典！@TFBOYS-易烊千玺 芒果影视网的微博视频 	2020-09-08 13:11:14    	LoveU2视觉动物	3182757111	LoveU2视觉动物:转发微博	赞[0]	2020-09-08 22:27:22	来自vivo AI智慧拍照X21
芒果影视网	:#再无法超越的经典角色# 刘北山是坠落在泥沼里的天使,而易烊千玺是在也无法超越的经典！@TFBOYS-易烊千玺 芒果影视网的微博视频 	2020-09-08 13:11:14    	惖惖烊烊	7314305170	惖惖烊烊:转发微博	赞[0]	2020-09-08 22:26:08	来自华为手机 畅享玩不停
芒果影视网	:#再无法超越的经典角色# 刘北山是坠落在泥沼里的天使,而易烊千玺是在也无法超越的经典！@TFBOYS-易烊千玺 芒果影视网的微博视频 	2020-09-08 13:11:14    	不要再颓废了我说	7347111654	不要再颓废了我说:呜呜呜小北	赞[0]	2020-09-08 22:25:28	来自搜狗高速浏览器
芒果影视网	:#再无法超越的经典角色# 刘北山是坠落在泥沼里的天使,而易烊千玺是在也无法超越的经典！@TFBOYS-易烊千玺 芒果影视网的微博视频 	2020-09-08 13:11:14    	凡影201810	6747376905	凡影201810:转发微博	赞[0]	2020-09-08 22:24:39	来自荣耀Play3
芒果影视网	:#再无法超越的经典角色# 刘北山是坠落在泥沼里的天使,而易烊千玺是在也无法超越的经典！@TFBOYS-易烊千玺 芒果影视网的微博视频 	2020-09-08 13:11:14    	hongdou玺烊烊	6062102490	hongdou玺烊烊:因小北哥入坑@TFBOYS-易烊千玺 	赞[0]	2020-09-09 00:10:19	来自红豆玺烊烊iPhone X
芒果影视网	:#再无法超越的经典角色# 刘北山是坠落在泥沼里的天使,而易烊千玺是在也无法超越的经典！@TFBOYS-易烊千玺 芒果影视网的微博视频 	2020-09-08 13:11:14    	陪迪伴晗	6538701148	陪迪伴晗:转发微博	赞[0]	2020-09-08 23:31:30	来自OPPO R15 梦镜版
芒果影视网	:#再无法超越的经典角色# 刘北山是坠落在泥沼里的天使,而易烊千玺是在也无法超越的经典！@TFBOYS-易烊千玺 芒果影视网的微博视频 	2020-09-08 13:11:14    	婧涵我家的小疯子	6734191378	婧涵我家的小疯子:#再无法超越的经典角色# 小北是来凡间历练的天使	赞[0]	2020-09-08 23:20:26	来自nova5i 2400万AI四摄
芒果影视网	:#再无法超越的经典角色# 刘北山是坠落在泥沼里的天使,而易烊千玺是在也无法超越的经典！@TFBOYS-易烊千玺 芒果影视网的微博视频 	2020-09-08 13:11:14    	谷谷爱千千	7313281930	谷谷爱千千://@芒果影视网：#再无法超越的经典角色# 刘北山是坠落在泥沼里的天使,而易烊千玺是在也无法超越的经典！@TFBOYS-易烊千玺 http://t.cn/A64Xc9du 	赞[0]	2020-09-08 23:14:26	来自超话
芒果影视网	:#再无法超越的经典角色# 刘北山是坠落在泥沼里的天使,而易烊千玺是在也无法超越的经典！@TFBOYS-易烊千玺 芒果影视网的微博视频 	2020-09-08 13:11:14    	Whisper11280828	5512998371	Whisper11280828:转发微博	赞[0]	2020-09-08 22:42:38	来自荣耀8X
芒果影视网	:#再无法超越的经典角色# 刘北山是坠落在泥沼里的天使,而易烊千玺是在也无法超越的经典！@TFBOYS-易烊千玺 芒果影视网的微博视频 	2020-09-08 13:11:14    	YW28易	6499198168	YW28易:转发微博	赞[0]	2020-09-08 22:41:30	来自iPhone客户端
芒果影视网	:#再无法超越的经典角色# 刘北山是坠落在泥沼里的天使,而易烊千玺是在也无法超越的经典！@TFBOYS-易烊千玺 芒果影视网的微博视频 	2020-09-08 13:11:14    	梦的初衷	5911018347	梦的初衷:转发微博	赞[0]	2020-09-09 05:59:58	来自nova5 人像超级夜景
芒果影视网	:#再无法超越的经典角色# 刘北山是坠落在泥沼里的天使,而易烊千玺是在也无法超越的经典！@TFBOYS-易烊千玺 芒果影视网的微博视频 	2020-09-08 13:11:14    	北纬启航·	7271279368	北纬启航·:转发微博	赞[0]	2020-09-09 05:57:56	来自超话
芒果影视网	:#再无法超越的经典角色# 刘北山是坠落在泥沼里的天使,而易烊千玺是在也无法超越的经典！@TFBOYS-易烊千玺 芒果影视网的微博视频 	2020-09-08 13:11:14    	仲夏夜之霞	5274881777	仲夏夜之霞:醉喜欢你#易烊千玺[超话]#	赞[0]	2020-09-09 05:57:42	来自HUAWEI nova 3
芒果影视网	:#再无法超越的经典角色# 刘北山是坠落在泥沼里的天使,而易烊千玺是在也无法超越的经典！@TFBOYS-易烊千玺 芒果影视网的微博视频 	2020-09-08 13:11:14    	在想JacksonYee	6299038703	在想JacksonYee:小北#易烊千玺送你一朵小红花#	赞[0]	2020-09-09 05:53:32	来自OPPO A91
芒果影视网	:#再无法超越的经典角色# 刘北山是坠落在泥沼里的天使,而易烊千玺是在也无法超越的经典！@TFBOYS-易烊千玺 芒果影视网的微博视频 	2020-09-08 13:11:14    	千城_瑾易安年	7271238079	千城_瑾易安年:#易烊千玺送你一朵小红花# 啊啊啊	赞[0]	2020-09-09 05:48:49	来自vivo Y5s 闪充强续航
芒果影视网	:#再无法超越的经典角色# 刘北山是坠落在泥沼里的天使,而易烊千玺是在也无法超越的经典！@TFBOYS-易烊千玺 芒果影视网的微博视频 	2020-09-08 13:11:14    	HQ椛七	5909284707	HQ椛七://@芒果影视网：#再无法超越的经典角色# 刘北山是坠落在泥沼里的天使,而易烊千玺是在也无法超越的经典！@TFBOYS-易烊千玺 http://t.cn/A64Xc9du 	赞[0]	2020-09-09 05:27:37	来自超话
芒果影视网	:#再无法超越的经典角色# 刘北山是坠落在泥沼里的天使,而易烊千玺是在也无法超越的经典！@TFBOYS-易烊千玺 芒果影视网的微博视频 	2020-09-08 13:11:14    	A_稀有物	6190499804	A_稀有物:转发微博	赞[0]	2020-09-09 04:44:50	来自nova6 自拍大不一样
芒果影视网	:#再无法超越的经典角色# 刘北山是坠落在泥沼里的天使,而易烊千玺是在也无法超越的经典！@TFBOYS-易烊千玺 芒果影视网的微博视频 	2020-09-08 13:11:14    	冬日里的风铃	5420584400	冬日里的风铃:转发微博	赞[0]	2020-09-09 00:42:49	来自小米10 青春版 5G
芒果影视网	:#再无法超越的经典角色# 刘北山是坠落在泥沼里的天使,而易烊千玺是在也无法超越的经典！@TFBOYS-易烊千玺 芒果影视网的微博视频 	2020-09-08 13:11:14    	Teee	ashleezhong	Teee:山山 	赞[0]	2020-09-09 07:15:14	来自iPhone
芒果影视网	:#再无法超越的经典角色# 刘北山是坠落在泥沼里的天使,而易烊千玺是在也无法超越的经典！@TFBOYS-易烊千玺 芒果影视网的微博视频 	2020-09-08 13:11:14    	千玺说我是他的小姑娘	5861654877	千玺说我是他的小姑娘:	赞[0]	2020-09-09 07:13:11	来自AI实力派 vivo Z1
芒果影视网	:#再无法超越的经典角色# 刘北山是坠落在泥沼里的天使,而易烊千玺是在也无法超越的经典！@TFBOYS-易烊千玺 芒果影视网的微博视频 	2020-09-08 13:11:14    	今天也要努力去见玺玺	6307302391	今天也要努力去见玺玺:	赞[0]	2020-09-09 06:50:32	来自iPhone客户端
芒果影视网	:#再无法超越的经典角色# 刘北山是坠落在泥沼里的天使,而易烊千玺是在也无法超越的经典！@TFBOYS-易烊千玺 芒果影视网的微博视频 	2020-09-08 13:11:14    	抽绳垃圾袋	5245435786	抽绳垃圾袋:棒	赞[0]	2020-09-09 06:35:11	来自荣耀 9X
芒果影视网	:#再无法超越的经典角色# 刘北山是坠落在泥沼里的天使,而易烊千玺是在也无法超越的经典！@TFBOYS-易烊千玺 芒果影视网的微博视频 	2020-09-08 13:11:14    	Y烊Q玺_	6641107851	Y烊Q玺_://@芒果影视网：#再无法超越的经典角色# 刘北山是坠落在泥沼里的天使,而易烊千玺是在也无法超越的经典！@TFBOYS-易烊千玺 http://t.cn/A64Xc9du 	赞[0]	2020-09-09 07:29:40	来自超话
芒果影视网	:#再无法超越的经典角色# 刘北山是坠落在泥沼里的天使,而易烊千玺是在也无法超越的经典！@TFBOYS-易烊千玺 芒果影视网的微博视频 	2020-09-08 13:11:14    	易易易闪	6465380393	易易易闪:转发微博	赞[0]	2020-09-09 07:29:06	来自nova4e 3200W立体美颜
芒果影视网	:#再无法超越的经典角色# 刘北山是坠落在泥沼里的天使,而易烊千玺是在也无法超越的经典！@TFBOYS-易烊千玺 芒果影视网的微博视频 	2020-09-08 13:11:14    	易只甜酱	6344659918	易只甜酱:转发微博	赞[0]	2020-09-09 07:24:40	来自荣耀 9X PRO
芒果影视网	:#再无法超越的经典角色# 刘北山是坠落在泥沼里的天使,而易烊千玺是在也无法超越的经典！@TFBOYS-易烊千玺 芒果影视网的微博视频 	2020-09-08 13:11:14    	小羊羔吧	6012903484	小羊羔吧:转发微博	赞[0]	2020-09-09 07:21:42	来自iPhone客户端
芒果影视网	:#再无法超越的经典角色# 刘北山是坠落在泥沼里的天使,而易烊千玺是在也无法超越的经典！@TFBOYS-易烊千玺 芒果影视网的微博视频 	2020-09-08 13:11:14    	月野氿桃啵	5849224175	月野氿桃啵:请刘北山速来与我结婚	赞[0]	2020-09-09 07:19:52	来自Android
芒果影视网	:#再无法超越的经典角色# 刘北山是坠落在泥沼里的天使,而易烊千玺是在也无法超越的经典！@TFBOYS-易烊千玺 芒果影视网的微博视频 	2020-09-08 13:11:14    	小烊一心一意	6968930185	小烊一心一意:	赞[0]	2020-09-09 07:18:34	来自HUAWEI Mate 20
芒果影视网	:#再无法超越的经典角色# 刘北山是坠落在泥沼里的天使,而易烊千玺是在也无法超越的经典！@TFBOYS-易烊千玺 芒果影视网的微博视频 	2020-09-08 13:11:14    	烊烊der小玫瑰	7483451807	烊烊der小玫瑰:刘北山好正  #易烊千玺送你一朵小红花# 	赞[0]	2020-09-09 07:16:25	来自千玺的鸵鸟Android
芒果影视网	:#再无法超越的经典角色# 刘北山是坠落在泥沼里的天使,而易烊千玺是在也无法超越的经典！@TFBOYS-易烊千玺 芒果影视网的微博视频 	2020-09-08 13:11:14    	今天做魔王吗M	6047702539	今天做魔王吗M:	赞[0]	2020-09-09 08:06:20	来自Android
芒果影视网	:#再无法超越的经典角色# 刘北山是坠落在泥沼里的天使,而易烊千玺是在也无法超越的经典！@TFBOYS-易烊千玺 芒果影视网的微博视频 	2020-09-08 13:11:14    	woenau	5524975311	woenau:转发微博	赞[0]	2020-09-09 08:04:55	来自HUAWEI Mate 30
芒果影视网	:#再无法超越的经典角色# 刘北山是坠落在泥沼里的天使,而易烊千玺是在也无法超越的经典！@TFBOYS-易烊千玺 芒果影视网的微博视频 	2020-09-08 13:11:14    	失重夜太空	6878567930	失重夜太空:转发微博	赞[0]	2020-09-09 07:57:21	来自nova7你在焦点在
芒果影视网	:#再无法超越的经典角色# 刘北山是坠落在泥沼里的天使,而易烊千玺是在也无法超越的经典！@TFBOYS-易烊千玺 芒果影视网的微博视频 	2020-09-08 13:11:14    	最美少女的祈祷	5361265410	最美少女的祈祷:是坠落泥潭的天使#易烊千玺送你一朵小红花#	赞[0]	2020-09-09 07:51:58	来自iPhone客户端
芒果影视网	:#再无法超越的经典角色# 刘北山是坠落在泥沼里的天使,而易烊千玺是在也无法超越的经典！@TFBOYS-易烊千玺 芒果影视网的微博视频 	2020-09-08 13:11:14    	千壐的bae	7467234316	千壐的bae:💗	赞[0]	2020-09-09 07:44:09	来自iPhone客户端
芒果影视网	:#再无法超越的经典角色# 刘北山是坠落在泥沼里的天使,而易烊千玺是在也无法超越的经典！@TFBOYS-易烊千玺 芒果影视网的微博视频 	2020-09-08 13:11:14    	魏三岁有点乖	5578289046	魏三岁有点乖:转发微博	赞[0]	2020-09-09 08:54:00	来自OPPO随光而变R17
芒果影视网	:#再无法超越的经典角色# 刘北山是坠落在泥沼里的天使,而易烊千玺是在也无法超越的经典！@TFBOYS-易烊千玺 芒果影视网的微博视频 	2020-09-08 13:11:14    	烊嘟嘟咔咔烊	7152851105	烊嘟嘟咔咔烊://@实心儿麻麻爱糍粑:你看他的眼睛他真的好干净。形容黑道甜心泥沼天使真的不为过	赞[0]	2020-09-09 08:53:13	来自超话
芒果影视网	:#再无法超越的经典角色# 刘北山是坠落在泥沼里的天使,而易烊千玺是在也无法超越的经典！@TFBOYS-易烊千玺 芒果影视网的微博视频 	2020-09-08 13:11:14    	XIU宝03	3859785571	XIU宝03:转发微博	赞[0]	2020-09-09 08:45:06	来自荣耀30S 5G 美由芯生
芒果影视网	:#再无法超越的经典角色# 刘北山是坠落在泥沼里的天使,而易烊千玺是在也无法超越的经典！@TFBOYS-易烊千玺 芒果影视网的微博视频 	2020-09-08 13:11:14    	周胖子爱千玺吖	6009977678	周胖子爱千玺吖:转发微博	赞[0]	2020-09-09 08:42:02	来自荣耀10 AI变色更潮美
芒果影视网	:#再无法超越的经典角色# 刘北山是坠落在泥沼里的天使,而易烊千玺是在也无法超越的经典！@TFBOYS-易烊千玺 芒果影视网的微博视频 	2020-09-08 13:11:14    	Lucky玺9979	6079810959	Lucky玺9979:千玺这一笑 心都化了	赞[0]	2020-09-09 08:32:05	来自HUAWEI P40 5G
芒果影视网	:#再无法超越的经典角色# 刘北山是坠落在泥沼里的天使,而易烊千玺是在也无法超越的经典！@TFBOYS-易烊千玺 芒果影视网的微博视频 	2020-09-08 13:11:14    	如同陌	5647056150	如同陌:转发微博	赞[0]	2020-09-09 08:16:14	来自红米Note7 4800万相机
芒果影视网	:#再无法超越的经典角色# 刘北山是坠落在泥沼里的天使,而易烊千玺是在也无法超越的经典！@TFBOYS-易烊千玺 芒果影视网的微博视频 	2020-09-08 13:11:14    	娱叔侃综艺	1418616644	娱叔侃综艺:一起看	赞[0]	2020-09-09 08:14:37	来自iPhone客户端
芒果影视网	:#再无法超越的经典角色# 刘北山是坠落在泥沼里的天使,而易烊千玺是在也无法超越的经典！@TFBOYS-易烊千玺 芒果影视网的微博视频 	2020-09-08 13:11:14    	G-Dragon的小柠檬	imbaxiaojiu	G-Dragon的小柠檬:转发微博	赞[0]	2020-09-09 08:12:32	来自iPhone客户端
芒果影视网	:#再无法超越的经典角色# 刘北山是坠落在泥沼里的天使,而易烊千玺是在也无法超越的经典！@TFBOYS-易烊千玺 芒果影视网的微博视频 	2020-09-08 13:11:14    	钟爱宇宇宇宇	6512916014	钟爱宇宇宇宇:转发微博	赞[0]	2020-09-09 09:24:35	来自荣耀V10 我AI的快
芒果影视网	:#再无法超越的经典角色# 刘北山是坠落在泥沼里的天使,而易烊千玺是在也无法超越的经典！@TFBOYS-易烊千玺 芒果影视网的微博视频 	2020-09-08 13:11:14    	玺梦为生	5991137950	玺梦为生:	赞[0]	2020-09-09 09:22:32	来自
芒果影视网	:#再无法超越的经典角色# 刘北山是坠落在泥沼里的天使,而易烊千玺是在也无法超越的经典！@TFBOYS-易烊千玺 芒果影视网的微博视频 	2020-09-08 13:11:14    	手机号yyy	5841972992	手机号yyy:转发微博	赞[0]	2020-09-09 09:21:49	来自荣耀V10 我AI的快
芒果影视网	:#再无法超越的经典角色# 刘北山是坠落在泥沼里的天使,而易烊千玺是在也无法超越的经典！@TFBOYS-易烊千玺 芒果影视网的微博视频 	2020-09-08 13:11:14    	Wyi维	6607656143	Wyi维:#易烊千玺# 刘北山是光易烊千玺是远方	赞[0]	2020-09-09 09:08:28	来自nova7你在焦点在
芒果影视网	:#再无法超越的经典角色# 刘北山是坠落在泥沼里的天使,而易烊千玺是在也无法超越的经典！@TFBOYS-易烊千玺 芒果影视网的微博视频 	2020-09-08 13:11:14    	世界公认易太太小艳儿	7303281505	世界公认易太太小艳儿:转发微博	赞[0]	2020-09-09 09:06:24	来自vivo智能手机
芒果影视网	:#再无法超越的经典角色# 刘北山是坠落在泥沼里的天使,而易烊千玺是在也无法超越的经典！@TFBOYS-易烊千玺 芒果影视网的微博视频 	2020-09-08 13:11:14    	Meimei3471	6479517069	Meimei3471:#易烊千玺[超话]##一心一意，易烊千玺#	赞[0]	2020-09-09 09:04:41	来自Android客户端
芒果影视网	:#再无法超越的经典角色# 刘北山是坠落在泥沼里的天使,而易烊千玺是在也无法超越的经典！@TFBOYS-易烊千玺 芒果影视网的微博视频 	2020-09-08 13:11:14    	小太烊鸭LL	6338250914	小太烊鸭LL:刘北山是陈念的天使，易烊千玺是我的天使❤️	赞[0]	2020-09-09 10:10:06	来自vivo智能手机
芒果影视网	:#再无法超越的经典角色# 刘北山是坠落在泥沼里的天使,而易烊千玺是在也无法超越的经典！@TFBOYS-易烊千玺 芒果影视网的微博视频 	2020-09-08 13:11:14    	你要平安喜乐熠熠生辉	6974502613	你要平安喜乐熠熠生辉:#易烊千玺送你一朵小红花#	赞[0]	2020-09-09 10:05:37	来自Android
芒果影视网	:#再无法超越的经典角色# 刘北山是坠落在泥沼里的天使,而易烊千玺是在也无法超越的经典！@TFBOYS-易烊千玺 芒果影视网的微博视频 	2020-09-08 13:11:14    	满心欢玺易烊千玺	5887843959	满心欢玺易烊千玺:#一心一意,易烊千玺# #易烊千玺送你一朵小红花# #电影送你一朵小红花# #易烊千玺代言康师傅绿茶# #易烊千玺虚拟形象代言天猫# #卓立百舸七载越,易烊千玺势拔节# #易烊千玺代言百草味# #Emporio Armani全球代言人易烊千玺# #天猫第二位代言人# #易烊千玺代言蒂芙尼# 	赞[0]	2020-09-09 09:59:44	来自Android
芒果影视网	:#再无法超越的经典角色# 刘北山是坠落在泥沼里的天使,而易烊千玺是在也无法超越的经典！@TFBOYS-易烊千玺 芒果影视网的微博视频 	2020-09-08 13:11:14    	玺-DX	6478275106	玺-DX:#易烊千玺王者荣耀品牌代言人# 	赞[0]	2020-09-09 09:53:30	来自荣耀畅玩8C
芒果影视网	:#再无法超越的经典角色# 刘北山是坠落在泥沼里的天使,而易烊千玺是在也无法超越的经典！@TFBOYS-易烊千玺 芒果影视网的微博视频 	2020-09-08 13:11:14    	BING黎1128	6351532376	BING黎1128:#易烊千玺送你一朵小红花# //@芒果影视网：#再无法超越的经典角色# 刘北山是坠落在泥沼里的天使,而易烊千玺是在也无法超越的经典！@TFBOYS-易烊千玺 http://t.cn/A64Xc9du 	赞[0]	2020-09-09 09:47:06	来自超话
芒果影视网	:#再无法超越的经典角色# 刘北山是坠落在泥沼里的天使,而易烊千玺是在也无法超越的经典！@TFBOYS-易烊千玺 芒果影视网的微博视频 	2020-09-08 13:11:14    	极光fly	2639646923	极光fly:转发微博	赞[0]	2020-09-09 09:42:21	来自HUAWEI nova 3
芒果影视网	:#再无法超越的经典角色# 刘北山是坠落在泥沼里的天使,而易烊千玺是在也无法超越的经典！@TFBOYS-易烊千玺 芒果影视网的微博视频 	2020-09-08 13:11:14    	小漂亮本人呀	6886355077	小漂亮本人呀:转发微博	赞[0]	2020-09-09 09:36:17	来自华为手机 畅享玩不停
芒果影视网	:#再无法超越的经典角色# 刘北山是坠落在泥沼里的天使,而易烊千玺是在也无法超越的经典！@TFBOYS-易烊千玺 芒果影视网的微博视频 	2020-09-08 13:11:14    	龚玉如1128	6409431315	龚玉如1128:转发微博	赞[0]	2020-09-09 09:29:52	来自超话
芒果影视网	:#再无法超越的经典角色# 刘北山是坠落在泥沼里的天使,而易烊千玺是在也无法超越的经典！@TFBOYS-易烊千玺 芒果影视网的微博视频 	2020-09-08 13:11:14    	AI别等	6049794091	AI别等:转发微博	赞[0]	2020-09-09 13:08:21	来自iPhone客户端
芒果影视网	:#再无法超越的经典角色# 刘北山是坠落在泥沼里的天使,而易烊千玺是在也无法超越的经典！@TFBOYS-易烊千玺 芒果影视网的微博视频 	2020-09-08 13:11:14    	国民女神小姐姐6868	6526266727	国民女神小姐姐6868:转发微博	赞[0]	2020-09-09 12:06:24	来自iPhone客户端
芒果影视网	:#再无法超越的经典角色# 刘北山是坠落在泥沼里的天使,而易烊千玺是在也无法超越的经典！@TFBOYS-易烊千玺 芒果影视网的微博视频 	2020-09-08 13:11:14    	美女用脸杀人	5809468277	美女用脸杀人:转发微博	赞[0]	2020-09-09 11:27:44	来自OPPO智能手机
芒果影视网	:#再无法超越的经典角色# 刘北山是坠落在泥沼里的天使,而易烊千玺是在也无法超越的经典！@TFBOYS-易烊千玺 芒果影视网的微博视频 	2020-09-08 13:11:14    	wjy哈	3915330974	wjy哈:转发微博	赞[0]	2020-09-09 10:48:05	来自Android
芒果影视网	:#再无法超越的经典角色# 刘北山是坠落在泥沼里的天使,而易烊千玺是在也无法超越的经典！@TFBOYS-易烊千玺 芒果影视网的微博视频 	2020-09-08 13:11:14    	别再气人了小屁孩	5674902021	别再气人了小屁孩:刘北山是天使	赞[0]	2020-09-09 10:30:10	来自荣耀 Play4T Pro
芒果影视网	:#再无法超越的经典角色# 刘北山是坠落在泥沼里的天使,而易烊千玺是在也无法超越的经典！@TFBOYS-易烊千玺 芒果影视网的微博视频 	2020-09-08 13:11:14    	千曦xxxx	6536143458	千曦xxxx:转发微博	赞[0]	2020-09-09 10:23:16	来自vivo智能手机
芒果影视网	:#再无法超越的经典角色# 刘北山是坠落在泥沼里的天使,而易烊千玺是在也无法超越的经典！@TFBOYS-易烊千玺 芒果影视网的微博视频 	2020-09-08 13:11:14    	玺糖铺	7494506806	玺糖铺:转发微博	赞[0]	2020-09-09 17:02:48	来自OPPO A8
芒果影视网	:#再无法超越的经典角色# 刘北山是坠落在泥沼里的天使,而易烊千玺是在也无法超越的经典！@TFBOYS-易烊千玺 芒果影视网的微博视频 	2020-09-08 13:11:14    	易溪子子	5664037437	易溪子子:转发微博	赞[0]	2020-09-09 15:50:07	来自荣耀30青春版 5G
芒果影视网	:#再无法超越的经典角色# 刘北山是坠落在泥沼里的天使,而易烊千玺是在也无法超越的经典！@TFBOYS-易烊千玺 芒果影视网的微博视频 	2020-09-08 13:11:14    	王大福Lullu	6118792757	王大福Lullu:#易烊千玺送你一朵小红花#  期待玺子哥新电影	赞[0]	2020-09-09 15:44:13	来自nova7Pro你在焦点在
芒果影视网	:#再无法超越的经典角色# 刘北山是坠落在泥沼里的天使,而易烊千玺是在也无法超越的经典！@TFBOYS-易烊千玺 芒果影视网的微博视频 	2020-09-08 13:11:14    	悠-南	6217246114	悠-南:转发微博	赞[0]	2020-09-09 15:35:15	来自nova5Pro人像超级夜景
芒果影视网	:#再无法超越的经典角色# 刘北山是坠落在泥沼里的天使,而易烊千玺是在也无法超越的经典！@TFBOYS-易烊千玺 芒果影视网的微博视频 	2020-09-08 13:11:14    	薄荷味的玺子	3626848010	薄荷味的玺子:转发微博	赞[0]	2020-09-09 14:31:26	来自iPhone XS Max
芒果影视网	:#再无法超越的经典角色# 刘北山是坠落在泥沼里的天使,而易烊千玺是在也无法超越的经典！@TFBOYS-易烊千玺 芒果影视网的微博视频 	2020-09-08 13:11:14    	易小帜	6628276176	易小帜:也哦耶	赞[0]	2020-09-09 14:21:27	来自nova5 人像超级夜景
芒果影视网	:#再无法超越的经典角色# 刘北山是坠落在泥沼里的天使,而易烊千玺是在也无法超越的经典！@TFBOYS-易烊千玺 芒果影视网的微博视频 	2020-09-08 13:11:14    	G籽y	6612210872	G籽y:转发微博	赞[0]	2020-09-09 13:30:18	来自vivo NEX AI智慧旗舰
芒果影视网	:#再无法超越的经典角色# 刘北山是坠落在泥沼里的天使,而易烊千玺是在也无法超越的经典！@TFBOYS-易烊千玺 芒果影视网的微博视频 	2020-09-08 13:11:14    	小烊饲养员-	6538790852	小烊饲养员-:是我的小北	赞[0]	2020-09-09 22:53:21	来自OPPO智能手机
芒果影视网	:#再无法超越的经典角色# 刘北山是坠落在泥沼里的天使,而易烊千玺是在也无法超越的经典！@TFBOYS-易烊千玺 芒果影视网的微博视频 	2020-09-08 13:11:14    	a喜欢千崽崽	6610281932	a喜欢千崽崽:转发微博	赞[0]	2020-09-09 21:47:35	来自iPhone客户端
芒果影视网	:#再无法超越的经典角色# 刘北山是坠落在泥沼里的天使,而易烊千玺是在也无法超越的经典！@TFBOYS-易烊千玺 芒果影视网的微博视频 	2020-09-08 13:11:14    	奶茶给我亿口哩	6327020666	奶茶给我亿口哩:转发微博	赞[0]	2020-09-09 20:28:33	来自vivo Z5x性能实力派
芒果影视网	:#再无法超越的经典角色# 刘北山是坠落在泥沼里的天使,而易烊千玺是在也无法超越的经典！@TFBOYS-易烊千玺 芒果影视网的微博视频 	2020-09-08 13:11:14    	左后love	5817031105	左后love:转发微博	赞[0]	2020-09-09 19:52:03	来自iPhone客户端
芒果影视网	:#再无法超越的经典角色# 刘北山是坠落在泥沼里的天使,而易烊千玺是在也无法超越的经典！@TFBOYS-易烊千玺 芒果影视网的微博视频 	2020-09-08 13:11:14    	弹檀檀	5460641371	弹檀檀:他眼睛真的好干净泥沼中的天使	赞[0]	2020-09-09 19:40:34	来自HUAWEI Mate 10 Pro
芒果影视网	:#再无法超越的经典角色# 刘北山是坠落在泥沼里的天使,而易烊千玺是在也无法超越的经典！@TFBOYS-易烊千玺 芒果影视网的微博视频 	2020-09-08 13:11:14    	烊烊的玉米鹤儿-负责评论	7153552916	烊烊的玉米鹤儿-负责评论:转发微博	赞[0]	2020-09-10 07:21:04	来自iPad客户端
芒果影视网	:#再无法超越的经典角色# 刘北山是坠落在泥沼里的天使,而易烊千玺是在也无法超越的经典！@TFBOYS-易烊千玺 芒果影视网的微博视频 	2020-09-08 13:11:14    	千纸鹤中的小仙女	7292034797	千纸鹤中的小仙女:转发微博	赞[0]	2020-09-10 07:19:49	来自OPPO R9s
芒果影视网	:#再无法超越的经典角色# 刘北山是坠落在泥沼里的天使,而易烊千玺是在也无法超越的经典！@TFBOYS-易烊千玺 芒果影视网的微博视频 	2020-09-08 13:11:14    	相婷改名字吧	5547582739	相婷改名字吧:转发微博	赞[0]	2020-09-10 06:48:39	来自OPPO A7x
芒果影视网	:#再无法超越的经典角色# 刘北山是坠落在泥沼里的天使,而易烊千玺是在也无法超越的经典！@TFBOYS-易烊千玺 芒果影视网的微博视频 	2020-09-08 13:11:14    	翻山越岭的小鱼鱼	7193493672	翻山越岭的小鱼鱼:	赞[0]	2020-09-10 06:03:44	来自超话
芒果影视网	:#再无法超越的经典角色# 刘北山是坠落在泥沼里的天使,而易烊千玺是在也无法超越的经典！@TFBOYS-易烊千玺 芒果影视网的微博视频 	2020-09-08 13:11:14    	李李李李文静	6563555340	李李李李文静:转发微博	赞[0]	2020-09-10 10:28:07	来自OPPO A11x
芒果影视网	:#再无法超越的经典角色# 刘北山是坠落在泥沼里的天使,而易烊千玺是在也无法超越的经典！@TFBOYS-易烊千玺 芒果影视网的微博视频 	2020-09-08 13:11:14    	玺是念来过倒	2424032311	玺是念来过倒:刘北山是坠落在泥沼里的天使，而易烊千玺是再无法超越的经典	赞[0]	2020-09-10 10:25:32	来自OPPO随光而变R17
芒果影视网	:#再无法超越的经典角色# 刘北山是坠落在泥沼里的天使,而易烊千玺是在也无法超越的经典！@TFBOYS-易烊千玺 芒果影视网的微博视频 	2020-09-08 13:11:14    	易WXP	6733921280	易WXP:转发微博	赞[0]	2020-09-10 09:56:26	来自OPPO智能手机
芒果影视网	:#再无法超越的经典角色# 刘北山是坠落在泥沼里的天使,而易烊千玺是在也无法超越的经典！@TFBOYS-易烊千玺 芒果影视网的微博视频 	2020-09-08 13:11:14    	老烊古董店	6415211504	老烊古董店:转发微博	赞[0]	2020-09-10 08:40:23	来自vivo AI智慧拍照X21
芒果影视网	:#再无法超越的经典角色# 刘北山是坠落在泥沼里的天使,而易烊千玺是在也无法超越的经典！@TFBOYS-易烊千玺 芒果影视网的微博视频 	2020-09-08 13:11:14    	心动易崽_	6602150973	心动易崽_:转发微博	赞[0]	2020-09-10 08:21:59	来自nova7SE 5G你在焦点在
芒果影视网	:#再无法超越的经典角色# 刘北山是坠落在泥沼里的天使,而易烊千玺是在也无法超越的经典！@TFBOYS-易烊千玺 芒果影视网的微博视频 	2020-09-08 13:11:14    	一只烊羊阳咩咩咩	7310155824	一只烊羊阳咩咩咩:转发微博	赞[0]	2020-09-10 08:06:09	来自荣耀8X
芒果影视网	:#再无法超越的经典角色# 刘北山是坠落在泥沼里的天使,而易烊千玺是在也无法超越的经典！@TFBOYS-易烊千玺 芒果影视网的微博视频 	2020-09-08 13:11:14    	蒋一wei	6618039723	蒋一wei:转发微博	赞[0]	2020-09-10 07:50:04	来自OPPO K5
芒果影视网	:#再无法超越的经典角色# 刘北山是坠落在泥沼里的天使,而易烊千玺是在也无法超越的经典！@TFBOYS-易烊千玺 芒果影视网的微博视频 	2020-09-08 13:11:14    	易家千玺鹤123	7475970222	易家千玺鹤123:转发微博	赞[0]	2020-09-10 07:49:11	来自OPPO R11 Plus
芒果影视网	:#再无法超越的经典角色# 刘北山是坠落在泥沼里的天使,而易烊千玺是在也无法超越的经典！@TFBOYS-易烊千玺 芒果影视网的微博视频 	2020-09-08 13:11:14    	cornfield一	6543603708	cornfield一:#易烊千玺# 🍉#易烊千玺送你一朵小红花# 千玺从没辜负过所有人对他的期待	赞[0]	2020-09-10 16:37:57	来自nova7你在焦点在
芒果影视网	:#再无法超越的经典角色# 刘北山是坠落在泥沼里的天使,而易烊千玺是在也无法超越的经典！@TFBOYS-易烊千玺 芒果影视网的微博视频 	2020-09-08 13:11:14    	曦xinyixi	6209874924	曦xinyixi:玺子哥棒棒棒棒	赞[0]	2020-09-10 16:03:34	来自nova7SE 5G你在焦点在
芒果影视网	:#再无法超越的经典角色# 刘北山是坠落在泥沼里的天使,而易烊千玺是在也无法超越的经典！@TFBOYS-易烊千玺 芒果影视网的微博视频 	2020-09-08 13:11:14    	一只奶乎乎的烊烊	6685936419	一只奶乎乎的烊烊:转发微博	赞[0]	2020-09-10 14:24:56	来自红米Redmi
芒果影视网	:#再无法超越的经典角色# 刘北山是坠落在泥沼里的天使,而易烊千玺是在也无法超越的经典！@TFBOYS-易烊千玺 芒果影视网的微博视频 	2020-09-08 13:11:14    	火羊宝的正宫夫人	5202572300	火羊宝的正宫夫人://@芒果影视网：#再无法超越的经典角色# 刘北山是坠落在泥沼里的天使,而易烊千玺是在也无法超越的经典！@TFBOYS-易烊千玺 http://t.cn/A64Xc9du 	赞[0]	2020-09-10 13:58:47	来自超话
芒果影视网	:#再无法超越的经典角色# 刘北山是坠落在泥沼里的天使,而易烊千玺是在也无法超越的经典！@TFBOYS-易烊千玺 芒果影视网的微博视频 	2020-09-08 13:11:14    	严肃点的盐汽水	7223691321	严肃点的盐汽水:小北不是小混混，而是坠落在泥沼里的天使	赞[0]	2020-09-10 10:34:55	来自前置双摄vivo X9s
芒果影视网	:#再无法超越的经典角色# 刘北山是坠落在泥沼里的天使,而易烊千玺是在也无法超越的经典！@TFBOYS-易烊千玺 芒果影视网的微博视频 	2020-09-08 13:11:14    	易千璽52	6989945093	易千璽52:转发微博	赞[0]	2020-09-10 10:32:00	来自Redmi K30 全速热爱
芒果影视网	:#再无法超越的经典角色# 刘北山是坠落在泥沼里的天使,而易烊千玺是在也无法超越的经典！@TFBOYS-易烊千玺 芒果影视网的微博视频 	2020-09-08 13:11:14    	千玺同学的女孩	6036408840	千玺同学的女孩:转发微博	赞[0]	2020-09-10 23:00:30	来自OPPO A91
芒果影视网	:#再无法超越的经典角色# 刘北山是坠落在泥沼里的天使,而易烊千玺是在也无法超越的经典！@TFBOYS-易烊千玺 芒果影视网的微博视频 	2020-09-08 13:11:14    	TAOHUANGSHU	2951709367	TAOHUANGSHU:转发微博	赞[0]	2020-09-10 22:48:22	来自iPhone客户端
芒果影视网	:#再无法超越的经典角色# 刘北山是坠落在泥沼里的天使,而易烊千玺是在也无法超越的经典！@TFBOYS-易烊千玺 芒果影视网的微博视频 	2020-09-08 13:11:14    	第1128号货车	6644063062	第1128号货车:转发微博	赞[0]	2020-09-10 22:08:30	来自红米Note7 4800万相机
芒果影视网	:#再无法超越的经典角色# 刘北山是坠落在泥沼里的天使,而易烊千玺是在也无法超越的经典！@TFBOYS-易烊千玺 芒果影视网的微博视频 	2020-09-08 13:11:14    	唯爱烊烊20	6725433118	唯爱烊烊20:真的超爱千玺的眼神//@实心儿麻麻爱糍粑:你看他的眼睛他真的好干净。形容黑道甜心泥沼天使真的不为过	赞[0]	2020-09-10 20:09:31	来自HUAWEI nova 3
芒果影视网	:#再无法超越的经典角色# 刘北山是坠落在泥沼里的天使,而易烊千玺是在也无法超越的经典！@TFBOYS-易烊千玺 芒果影视网的微博视频 	2020-09-08 13:11:14    	林桉笙笙	6305427313	林桉笙笙:转发微博	赞[0]	2020-09-10 17:18:40	来自荣耀畅玩9A
芒果影视网	:#再无法超越的经典角色# 刘北山是坠落在泥沼里的天使,而易烊千玺是在也无法超越的经典！@TFBOYS-易烊千玺 芒果影视网的微博视频 	2020-09-08 13:11:14    	无怨姐姐	6341736626	无怨姐姐:转发微博	赞[2]	2020-09-11 15:18:51	来自nova6SE好看拍出来看
芒果影视网	:#再无法超越的经典角色# 刘北山是坠落在泥沼里的天使,而易烊千玺是在也无法超越的经典！@TFBOYS-易烊千玺 芒果影视网的微博视频 	2020-09-08 13:11:14    	TONG-Queen	6575647389	TONG-Queen:转发微博	赞[0]	2020-09-11 14:47:43	来自vivo X20全面屏手机
芒果影视网	:#再无法超越的经典角色# 刘北山是坠落在泥沼里的天使,而易烊千玺是在也无法超越的经典！@TFBOYS-易烊千玺 芒果影视网的微博视频 	2020-09-08 13:11:14    	超级亿羊	6373382765	超级亿羊:易烊千玺就是最好的文案	赞[0]	2020-09-11 13:31:25	来自HUAWEI nova 3
芒果影视网	:#再无法超越的经典角色# 刘北山是坠落在泥沼里的天使,而易烊千玺是在也无法超越的经典！@TFBOYS-易烊千玺 芒果影视网的微博视频 	2020-09-08 13:11:14    	猪婧猪猪	5742919998	猪婧猪猪:转发微博	赞[0]	2020-09-11 12:14:12	来自前后2000万 OPPO R11s
芒果影视网	:#再无法超越的经典角色# 刘北山是坠落在泥沼里的天使,而易烊千玺是在也无法超越的经典！@TFBOYS-易烊千玺 芒果影视网的微博视频 	2020-09-08 13:11:14    	喜烊烊szd	6237604747	喜烊烊szd:转发微博	赞[0]	2020-09-11 12:01:48	来自HUAWEI nova 3
芒果影视网	:#再无法超越的经典角色# 刘北山是坠落在泥沼里的天使,而易烊千玺是在也无法超越的经典！@TFBOYS-易烊千玺 芒果影视网的微博视频 	2020-09-08 13:11:14    	小焦同学的小时候	6333053622	小焦同学的小时候:转发微博	赞[0]	2020-09-11 11:21:48	来自iPhone客户端
芒果影视网	:#再无法超越的经典角色# 刘北山是坠落在泥沼里的天使,而易烊千玺是在也无法超越的经典！@TFBOYS-易烊千玺 芒果影视网的微博视频 	2020-09-08 13:11:14    	妖灵拾	7275961849	妖灵拾:少年的你真的很棒，易烊千玺也很棒！#离易烊千玺最近的一次#	赞[0]	2020-09-11 07:17:32	来自荣耀20i
芒果影视网	:#再无法超越的经典角色# 刘北山是坠落在泥沼里的天使,而易烊千玺是在也无法超越的经典！@TFBOYS-易烊千玺 芒果影视网的微博视频 	2020-09-08 13:11:14    	鹤玺福所倚	2489962537	鹤玺福所倚:转发微博	赞[0]	2020-09-11 07:02:26	来自OPPO R15x
芒果影视网	:#再无法超越的经典角色# 刘北山是坠落在泥沼里的天使,而易烊千玺是在也无法超越的经典！@TFBOYS-易烊千玺 芒果影视网的微博视频 	2020-09-08 13:11:14    	开着0806号航班飞往啵星球	5863832843	开着0806号航班飞往啵星球:	赞[0]	2020-09-11 23:10:40	来自荣耀9i 千元潮美旗舰
芒果影视网	:#再无法超越的经典角色# 刘北山是坠落在泥沼里的天使,而易烊千玺是在也无法超越的经典！@TFBOYS-易烊千玺 芒果影视网的微博视频 	2020-09-08 13:11:14    	宏宇Cherie	6272775531	宏宇Cherie:转发微博	赞[0]	2020-09-11 22:15:50	来自HUAWEI Mate 30 5G
芒果影视网	:#再无法超越的经典角色# 刘北山是坠落在泥沼里的天使,而易烊千玺是在也无法超越的经典！@TFBOYS-易烊千玺 芒果影视网的微博视频 	2020-09-08 13:11:14    	余生不走感情路2001	6001930762	余生不走感情路2001:转发微博	赞[0]	2020-09-11 22:10:18	来自nova6 5G自拍大不一样
芒果影视网	:#再无法超越的经典角色# 刘北山是坠落在泥沼里的天使,而易烊千玺是在也无法超越的经典！@TFBOYS-易烊千玺 芒果影视网的微博视频 	2020-09-08 13:11:14    	易烊千玺后援LLB	3548383041	易烊千玺后援LLB:转发微博	赞[0]	2020-09-11 21:54:42	来自iPhone客户端
芒果影视网	:#再无法超越的经典角色# 刘北山是坠落在泥沼里的天使,而易烊千玺是在也无法超越的经典！@TFBOYS-易烊千玺 芒果影视网的微博视频 	2020-09-08 13:11:14    	斯狸普	2494714357	斯狸普:我要流淫水了！	赞[0]	2020-09-11 21:44:16	来自荣耀9i 千元潮美旗舰
芒果影视网	:#再无法超越的经典角色# 刘北山是坠落在泥沼里的天使,而易烊千玺是在也无法超越的经典！@TFBOYS-易烊千玺 芒果影视网的微博视频 	2020-09-08 13:11:14    	犹是犹念的犹	5765172181	犹是犹念的犹:转发微博	赞[0]	2020-09-11 20:53:11	来自HUAWEI Mate 30
芒果影视网	:#再无法超越的经典角色# 刘北山是坠落在泥沼里的天使,而易烊千玺是在也无法超越的经典！@TFBOYS-易烊千玺 芒果影视网的微博视频 	2020-09-08 13:11:14    	一只肥鹤ye	5678688629	一只肥鹤ye:转发微博	赞[0]	2020-09-11 20:38:12	来自荣耀20i
芒果影视网	:#再无法超越的经典角色# 刘北山是坠落在泥沼里的天使,而易烊千玺是在也无法超越的经典！@TFBOYS-易烊千玺 芒果影视网的微博视频 	2020-09-08 13:11:14    	玺玺玺玺玺玺玺玺欢	6487698971	玺玺玺玺玺玺玺玺欢:转发微博	赞[0]	2020-09-11 18:15:46	来自荣耀9i 千元潮美旗舰
芒果影视网	:#再无法超越的经典角色# 刘北山是坠落在泥沼里的天使,而易烊千玺是在也无法超越的经典！@TFBOYS-易烊千玺 芒果影视网的微博视频 	2020-09-08 13:11:14    	nai烊烊_	2810599064	nai烊烊_:转发微博	赞[0]	2020-09-11 16:30:45	来自iPhone客户端
芒果影视网	:#再无法超越的经典角色# 刘北山是坠落在泥沼里的天使,而易烊千玺是在也无法超越的经典！@TFBOYS-易烊千玺 芒果影视网的微博视频 	2020-09-08 13:11:14    	就是喜欢你咋滴	6115083384	就是喜欢你咋滴:沦陷了	赞[0]	2020-09-12 08:39:15	来自小米10 青春版 5G
芒果影视网	:#再无法超越的经典角色# 刘北山是坠落在泥沼里的天使,而易烊千玺是在也无法超越的经典！@TFBOYS-易烊千玺 芒果影视网的微博视频 	2020-09-08 13:11:14    	是憨呆	6208413766	是憨呆:转发微博	赞[0]	2020-09-12 15:04:08	来自
