原用户名	原内容	原发布时间	转发用户名	转发用户id	转发内容	点赞数	转发时间	转发来源
电视剧三十而已	:【沪上新鲜事】 #梁正贤给王漫妮送车#新车送上！王漫妮@江疏影 该不该收梁先生@edward_馬志威 的贵重礼物？顾姐·列文虎克再上线！顾佳@童瑶 许幻山@演员李泽锋 巡查工厂安全，顾姐通过蛛丝马迹发现安全隐患？离婚后同居？陈屿@杨玏 钟晓芹@毛晓彤 离婚后又签同居合约，晴雨夫妇何去何从？今晚也相约腾讯视频、东方卫视，跟瑟提一起追剧吧！ #三十而已#	2020-07-23 11:00:04    	young1201	1880904424	young1201:转发微博	赞[0]	2020-07-23 16:57:11	来自HUAWEI P30
电视剧三十而已	:【沪上新鲜事】 #梁正贤给王漫妮送车#新车送上！王漫妮@江疏影 该不该收梁先生@edward_馬志威 的贵重礼物？顾姐·列文虎克再上线！顾佳@童瑶 许幻山@演员李泽锋 巡查工厂安全，顾姐通过蛛丝马迹发现安全隐患？离婚后同居？陈屿@杨玏 钟晓芹@毛晓彤 离婚后又签同居合约，晴雨夫妇何去何从？今晚也相约腾讯视频、东方卫视，跟瑟提一起追剧吧！ #三十而已#	2020-07-23 11:00:04    	杰瑞與瑞琪兒	renyun23	杰瑞與瑞琪兒:啥？离了还有同居合约这陈屿和晓芹真是醉了	赞[0]	2020-07-23 13:55:39	来自nova4自拍极点全面屏
电视剧三十而已	:【沪上新鲜事】 #梁正贤给王漫妮送车#新车送上！王漫妮@江疏影 该不该收梁先生@edward_馬志威 的贵重礼物？顾姐·列文虎克再上线！顾佳@童瑶 许幻山@演员李泽锋 巡查工厂安全，顾姐通过蛛丝马迹发现安全隐患？离婚后同居？陈屿@杨玏 钟晓芹@毛晓彤 离婚后又签同居合约，晴雨夫妇何去何从？今晚也相约腾讯视频、东方卫视，跟瑟提一起追剧吧！ #三十而已#	2020-07-23 11:00:04    	林麦子_十一	7392644163	林麦子_十一:我在#微博剧集榜#，参与了三十而已官微互动，追剧路上手牵手，你有我有全都有！	赞[0]	2020-07-23 12:23:59	来自微博剧集榜
电视剧三十而已	:【沪上新鲜事】 #梁正贤给王漫妮送车#新车送上！王漫妮@江疏影 该不该收梁先生@edward_馬志威 的贵重礼物？顾姐·列文虎克再上线！顾佳@童瑶 许幻山@演员李泽锋 巡查工厂安全，顾姐通过蛛丝马迹发现安全隐患？离婚后同居？陈屿@杨玏 钟晓芹@毛晓彤 离婚后又签同居合约，晴雨夫妇何去何从？今晚也相约腾讯视频、东方卫视，跟瑟提一起追剧吧！ #三十而已#	2020-07-23 11:00:04    	喜欢疏影的程程	5828695982	喜欢疏影的程程:就当是租车吧，千万别收#江疏影王漫妮# 	赞[1]	2020-07-23 11:53:10	来自OPPO A7x
电视剧三十而已	:【沪上新鲜事】 #梁正贤给王漫妮送车#新车送上！王漫妮@江疏影 该不该收梁先生@edward_馬志威 的贵重礼物？顾姐·列文虎克再上线！顾佳@童瑶 许幻山@演员李泽锋 巡查工厂安全，顾姐通过蛛丝马迹发现安全隐患？离婚后同居？陈屿@杨玏 钟晓芹@毛晓彤 离婚后又签同居合约，晴雨夫妇何去何从？今晚也相约腾讯视频、东方卫视，跟瑟提一起追剧吧！ #三十而已#	2020-07-23 11:00:04    	y7388F	6038157526	y7388F:转发微博	赞[0]	2020-07-23 11:36:55	来自前置双摄vivo X9
电视剧三十而已	:【沪上新鲜事】 #梁正贤给王漫妮送车#新车送上！王漫妮@江疏影 该不该收梁先生@edward_馬志威 的贵重礼物？顾姐·列文虎克再上线！顾佳@童瑶 许幻山@演员李泽锋 巡查工厂安全，顾姐通过蛛丝马迹发现安全隐患？离婚后同居？陈屿@杨玏 钟晓芹@毛晓彤 离婚后又签同居合约，晴雨夫妇何去何从？今晚也相约腾讯视频、东方卫视，跟瑟提一起追剧吧！ #三十而已#	2020-07-23 11:00:04    	周云超-2	3985342384	周云超-2:转发微博	赞[0]	2020-07-23 22:25:03	来自iPhone客户端
电视剧三十而已	:【沪上新鲜事】 #梁正贤给王漫妮送车#新车送上！王漫妮@江疏影 该不该收梁先生@edward_馬志威 的贵重礼物？顾姐·列文虎克再上线！顾佳@童瑶 许幻山@演员李泽锋 巡查工厂安全，顾姐通过蛛丝马迹发现安全隐患？离婚后同居？陈屿@杨玏 钟晓芹@毛晓彤 离婚后又签同居合约，晴雨夫妇何去何从？今晚也相约腾讯视频、东方卫视，跟瑟提一起追剧吧！ #三十而已#	2020-07-23 11:00:04    	你若盛开清风自来MX	5213261719	你若盛开清风自来MX:转发微博	赞[0]	2020-07-23 22:16:37	来自iQOO Neo 855版
电视剧三十而已	:【沪上新鲜事】 #梁正贤给王漫妮送车#新车送上！王漫妮@江疏影 该不该收梁先生@edward_馬志威 的贵重礼物？顾姐·列文虎克再上线！顾佳@童瑶 许幻山@演员李泽锋 巡查工厂安全，顾姐通过蛛丝马迹发现安全隐患？离婚后同居？陈屿@杨玏 钟晓芹@毛晓彤 离婚后又签同居合约，晴雨夫妇何去何从？今晚也相约腾讯视频、东方卫视，跟瑟提一起追剧吧！ #三十而已#	2020-07-23 11:00:04    	余音淼袅	2794958773	余音淼袅:转发微博	赞[0]	2020-07-23 22:16:03	来自iPhone客户端
电视剧三十而已	:【沪上新鲜事】 #梁正贤给王漫妮送车#新车送上！王漫妮@江疏影 该不该收梁先生@edward_馬志威 的贵重礼物？顾姐·列文虎克再上线！顾佳@童瑶 许幻山@演员李泽锋 巡查工厂安全，顾姐通过蛛丝马迹发现安全隐患？离婚后同居？陈屿@杨玏 钟晓芹@毛晓彤 离婚后又签同居合约，晴雨夫妇何去何从？今晚也相约腾讯视频、东方卫视，跟瑟提一起追剧吧！ #三十而已#	2020-07-23 11:00:04    	小白今天开心了吗bai	7481218360	小白今天开心了吗bai:海王退散	赞[0]	2020-07-23 22:10:17	来自vivo X30 Pro专业影像
电视剧三十而已	:【沪上新鲜事】 #梁正贤给王漫妮送车#新车送上！王漫妮@江疏影 该不该收梁先生@edward_馬志威 的贵重礼物？顾姐·列文虎克再上线！顾佳@童瑶 许幻山@演员李泽锋 巡查工厂安全，顾姐通过蛛丝马迹发现安全隐患？离婚后同居？陈屿@杨玏 钟晓芹@毛晓彤 离婚后又签同居合约，晴雨夫妇何去何从？今晚也相约腾讯视频、东方卫视，跟瑟提一起追剧吧！ #三十而已#	2020-07-23 11:00:04    	Dc律师	3273982351	Dc律师:停车费太贵过于真实@正直少女__ 	赞[0]	2020-07-23 21:51:50	来自HUAWEI Mate 30
电视剧三十而已	:【沪上新鲜事】 #梁正贤给王漫妮送车#新车送上！王漫妮@江疏影 该不该收梁先生@edward_馬志威 的贵重礼物？顾姐·列文虎克再上线！顾佳@童瑶 许幻山@演员李泽锋 巡查工厂安全，顾姐通过蛛丝马迹发现安全隐患？离婚后同居？陈屿@杨玏 钟晓芹@毛晓彤 离婚后又签同居合约，晴雨夫妇何去何从？今晚也相约腾讯视频、东方卫视，跟瑟提一起追剧吧！ #三十而已#	2020-07-23 11:00:04    	婷啊婷-	5905940233	婷啊婷-:转发微博	赞[0]	2020-07-23 23:07:01	来自前置双摄vivo X9
电视剧三十而已	:【沪上新鲜事】 #梁正贤给王漫妮送车#新车送上！王漫妮@江疏影 该不该收梁先生@edward_馬志威 的贵重礼物？顾姐·列文虎克再上线！顾佳@童瑶 许幻山@演员李泽锋 巡查工厂安全，顾姐通过蛛丝马迹发现安全隐患？离婚后同居？陈屿@杨玏 钟晓芹@毛晓彤 离婚后又签同居合约，晴雨夫妇何去何从？今晚也相约腾讯视频、东方卫视，跟瑟提一起追剧吧！ #三十而已#	2020-07-23 11:00:04    	开心兔的幸福生活	haileyzhou	开心兔的幸福生活:终于//@凯迪拉克:梁正贤送的凯迪拉克XT4，王漫妮该不该收？大家觉得呢？ #三十而已#	赞[0]	2020-07-23 22:46:45	来自iPhone 11 Pro Max
电视剧三十而已	:【沪上新鲜事】 #梁正贤给王漫妮送车#新车送上！王漫妮@江疏影 该不该收梁先生@edward_馬志威 的贵重礼物？顾姐·列文虎克再上线！顾佳@童瑶 许幻山@演员李泽锋 巡查工厂安全，顾姐通过蛛丝马迹发现安全隐患？离婚后同居？陈屿@杨玏 钟晓芹@毛晓彤 离婚后又签同居合约，晴雨夫妇何去何从？今晚也相约腾讯视频、东方卫视，跟瑟提一起追剧吧！ #三十而已#	2020-07-23 11:00:04    	你有本事开门啊啊啊	1745787491	你有本事开门啊啊啊:我收哈哈哈哈//@凯迪拉克:梁正贤送的凯迪拉克XT4，王漫妮该不该收？大家觉得呢？ #三十而已#	赞[0]	2020-07-23 22:42:13	来自iPhone客户端
电视剧三十而已	:【沪上新鲜事】 #梁正贤给王漫妮送车#新车送上！王漫妮@江疏影 该不该收梁先生@edward_馬志威 的贵重礼物？顾姐·列文虎克再上线！顾佳@童瑶 许幻山@演员李泽锋 巡查工厂安全，顾姐通过蛛丝马迹发现安全隐患？离婚后同居？陈屿@杨玏 钟晓芹@毛晓彤 离婚后又签同居合约，晴雨夫妇何去何从？今晚也相约腾讯视频、东方卫视，跟瑟提一起追剧吧！ #三十而已#	2020-07-23 11:00:04    	梦里梦里在等你啊	6093645483	梦里梦里在等你啊://@学习久了会头疼_:漫妮速速离开官方吐槽的油腻男！	赞[0]	2020-07-23 22:31:32	来自HUAWEI P30
电视剧三十而已	:【沪上新鲜事】 #梁正贤给王漫妮送车#新车送上！王漫妮@江疏影 该不该收梁先生@edward_馬志威 的贵重礼物？顾姐·列文虎克再上线！顾佳@童瑶 许幻山@演员李泽锋 巡查工厂安全，顾姐通过蛛丝马迹发现安全隐患？离婚后同居？陈屿@杨玏 钟晓芹@毛晓彤 离婚后又签同居合约，晴雨夫妇何去何从？今晚也相约腾讯视频、东方卫视，跟瑟提一起追剧吧！ #三十而已#	2020-07-23 11:00:04    	薇薇安喵喵-17	5888266516	薇薇安喵喵-17:追剧	赞[0]	2020-07-23 22:29:34	来自HUAWEI P30
电视剧三十而已	:【沪上新鲜事】 #梁正贤给王漫妮送车#新车送上！王漫妮@江疏影 该不该收梁先生@edward_馬志威 的贵重礼物？顾姐·列文虎克再上线！顾佳@童瑶 许幻山@演员李泽锋 巡查工厂安全，顾姐通过蛛丝马迹发现安全隐患？离婚后同居？陈屿@杨玏 钟晓芹@毛晓彤 离婚后又签同居合约，晴雨夫妇何去何从？今晚也相约腾讯视频、东方卫视，跟瑟提一起追剧吧！ #三十而已#	2020-07-23 11:00:04    	凯迪拉克河南新凯迪	hnxkdcadillac	凯迪拉克河南新凯迪://@凯迪拉克:梁正贤送的凯迪拉克XT4，王漫妮该不该收？大家觉得呢？ #三十而已#	赞[0]	2020-07-24 10:20:28	来自小米10 Pro
电视剧三十而已	:【沪上新鲜事】 #梁正贤给王漫妮送车#新车送上！王漫妮@江疏影 该不该收梁先生@edward_馬志威 的贵重礼物？顾姐·列文虎克再上线！顾佳@童瑶 许幻山@演员李泽锋 巡查工厂安全，顾姐通过蛛丝马迹发现安全隐患？离婚后同居？陈屿@杨玏 钟晓芹@毛晓彤 离婚后又签同居合约，晴雨夫妇何去何从？今晚也相约腾讯视频、东方卫视，跟瑟提一起追剧吧！ #三十而已#	2020-07-23 11:00:04    	凯迪拉克山西显通	sxxtcadillac	凯迪拉克山西显通://@凯迪拉克: 梁正贤送的凯迪拉克XT4，王漫妮该不该收？大家觉得呢？ #三十而已#	赞[0]	2020-07-24 10:04:51	来自360安全浏览器
电视剧三十而已	:【沪上新鲜事】 #梁正贤给王漫妮送车#新车送上！王漫妮@江疏影 该不该收梁先生@edward_馬志威 的贵重礼物？顾姐·列文虎克再上线！顾佳@童瑶 许幻山@演员李泽锋 巡查工厂安全，顾姐通过蛛丝马迹发现安全隐患？离婚后同居？陈屿@杨玏 钟晓芹@毛晓彤 离婚后又签同居合约，晴雨夫妇何去何从？今晚也相约腾讯视频、东方卫视，跟瑟提一起追剧吧！ #三十而已#	2020-07-23 11:00:04    	凯迪拉克河北元兴行	hbcadillac	凯迪拉克河北元兴行://@凯迪拉克: 梁正贤送的凯迪拉克XT4，王漫妮该不该收？大家觉得呢？ #三十而已#	赞[0]	2020-07-24 09:44:27	来自微博 weibo.com
电视剧三十而已	:【沪上新鲜事】 #梁正贤给王漫妮送车#新车送上！王漫妮@江疏影 该不该收梁先生@edward_馬志威 的贵重礼物？顾姐·列文虎克再上线！顾佳@童瑶 许幻山@演员李泽锋 巡查工厂安全，顾姐通过蛛丝马迹发现安全隐患？离婚后同居？陈屿@杨玏 钟晓芹@毛晓彤 离婚后又签同居合约，晴雨夫妇何去何从？今晚也相约腾讯视频、东方卫视，跟瑟提一起追剧吧！ #三十而已#	2020-07-23 11:00:04    	润华凯迪拉克菏泽店	5111244737	润华凯迪拉克菏泽店://@凯迪拉克: 梁正贤送的凯迪拉克XT4，王漫妮该不该收？大家觉得呢？ #三十而已#	赞[0]	2020-07-24 09:04:34	来自微博 weibo.com
电视剧三十而已	:【沪上新鲜事】 #梁正贤给王漫妮送车#新车送上！王漫妮@江疏影 该不该收梁先生@edward_馬志威 的贵重礼物？顾姐·列文虎克再上线！顾佳@童瑶 许幻山@演员李泽锋 巡查工厂安全，顾姐通过蛛丝马迹发现安全隐患？离婚后同居？陈屿@杨玏 钟晓芹@毛晓彤 离婚后又签同居合约，晴雨夫妇何去何从？今晚也相约腾讯视频、东方卫视，跟瑟提一起追剧吧！ #三十而已#	2020-07-23 11:00:04    	世界很美我不能不婷	xiaotinging	世界很美我不能不婷:转发微博	赞[0]	2020-07-24 07:47:34	来自iPhone客户端
电视剧三十而已	:【沪上新鲜事】 #梁正贤给王漫妮送车#新车送上！王漫妮@江疏影 该不该收梁先生@edward_馬志威 的贵重礼物？顾姐·列文虎克再上线！顾佳@童瑶 许幻山@演员李泽锋 巡查工厂安全，顾姐通过蛛丝马迹发现安全隐患？离婚后同居？陈屿@杨玏 钟晓芹@毛晓彤 离婚后又签同居合约，晴雨夫妇何去何从？今晚也相约腾讯视频、东方卫视，跟瑟提一起追剧吧！ #三十而已#	2020-07-23 11:00:04    	芝麻屁点事儿	2687902645	芝麻屁点事儿:买个凯迪拉克也不错呀//@凯迪拉克:梁正贤送的凯迪拉克XT4，王漫妮该不该收？大家觉得呢？ #三十而已#	赞[0]	2020-07-24 00:18:30	来自iPhone客户端
电视剧三十而已	:【沪上新鲜事】 #梁正贤给王漫妮送车#新车送上！王漫妮@江疏影 该不该收梁先生@edward_馬志威 的贵重礼物？顾姐·列文虎克再上线！顾佳@童瑶 许幻山@演员李泽锋 巡查工厂安全，顾姐通过蛛丝马迹发现安全隐患？离婚后同居？陈屿@杨玏 钟晓芹@毛晓彤 离婚后又签同居合约，晴雨夫妇何去何从？今晚也相约腾讯视频、东方卫视，跟瑟提一起追剧吧！ #三十而已#	2020-07-23 11:00:04    	杰瑞與瑞琪兒	renyun23	杰瑞與瑞琪兒:回复@一夏vjk:慢慢的陈屿开始在乎她了//@一夏vjk:回复@杰瑞與瑞琪兒:该不会是后来同居中慢慢的又在一起了	赞[0]	2020-07-24 00:17:06	来自nova4自拍极点全面屏
电视剧三十而已	:【沪上新鲜事】 #梁正贤给王漫妮送车#新车送上！王漫妮@江疏影 该不该收梁先生@edward_馬志威 的贵重礼物？顾姐·列文虎克再上线！顾佳@童瑶 许幻山@演员李泽锋 巡查工厂安全，顾姐通过蛛丝马迹发现安全隐患？离婚后同居？陈屿@杨玏 钟晓芹@毛晓彤 离婚后又签同居合约，晴雨夫妇何去何从？今晚也相约腾讯视频、东方卫视，跟瑟提一起追剧吧！ #三十而已#	2020-07-23 11:00:04    	杰瑞與瑞琪兒	renyun23	杰瑞與瑞琪兒:回复@奈何傲骨:是啊，毕竟妈妈对这个女婿还是很满意的//@奈何傲骨:回复@杰瑞與瑞琪兒:也是没地住，也不想告诉父母	赞[0]	2020-07-24 00:16:27	来自nova4自拍极点全面屏
电视剧三十而已	:【沪上新鲜事】 #梁正贤给王漫妮送车#新车送上！王漫妮@江疏影 该不该收梁先生@edward_馬志威 的贵重礼物？顾姐·列文虎克再上线！顾佳@童瑶 许幻山@演员李泽锋 巡查工厂安全，顾姐通过蛛丝马迹发现安全隐患？离婚后同居？陈屿@杨玏 钟晓芹@毛晓彤 离婚后又签同居合约，晴雨夫妇何去何从？今晚也相约腾讯视频、东方卫视，跟瑟提一起追剧吧！ #三十而已#	2020-07-23 11:00:04    	杰瑞與瑞琪兒	renyun23	杰瑞與瑞琪兒:回复@橘子orrange:我也觉得钟晓阳跟她不太搭//@橘子orrange:回复@杰瑞與瑞琪兒:之前说是追妻火葬场，应该是会复合的，不过小鲜肉确实不太合适	赞[0]	2020-07-24 00:15:50	来自nova4自拍极点全面屏
电视剧三十而已	:【沪上新鲜事】 #梁正贤给王漫妮送车#新车送上！王漫妮@江疏影 该不该收梁先生@edward_馬志威 的贵重礼物？顾姐·列文虎克再上线！顾佳@童瑶 许幻山@演员李泽锋 巡查工厂安全，顾姐通过蛛丝马迹发现安全隐患？离婚后同居？陈屿@杨玏 钟晓芹@毛晓彤 离婚后又签同居合约，晴雨夫妇何去何从？今晚也相约腾讯视频、东方卫视，跟瑟提一起追剧吧！ #三十而已#	2020-07-23 11:00:04    	凯迪拉克金诚余姚凯迪	2756378327	凯迪拉克金诚余姚凯迪://@凯迪拉克金诚宁波凯迪://@凯迪拉克:梁正贤送的凯迪拉克XT4，王漫妮该不该收？大家觉得呢？ #三十而已#	赞[0]	2020-07-24 14:51:47	来自iPhone客户端
电视剧三十而已	:【沪上新鲜事】 #梁正贤给王漫妮送车#新车送上！王漫妮@江疏影 该不该收梁先生@edward_馬志威 的贵重礼物？顾姐·列文虎克再上线！顾佳@童瑶 许幻山@演员李泽锋 巡查工厂安全，顾姐通过蛛丝马迹发现安全隐患？离婚后同居？陈屿@杨玏 钟晓芹@毛晓彤 离婚后又签同居合约，晴雨夫妇何去何从？今晚也相约腾讯视频、东方卫视，跟瑟提一起追剧吧！ #三十而已#	2020-07-23 11:00:04    	凯迪拉克金诚宁波凯迪	nbkdcadillac	凯迪拉克金诚宁波凯迪://@凯迪拉克:梁正贤送的凯迪拉克XT4，王漫妮该不该收？大家觉得呢？ #三十而已#	赞[0]	2020-07-24 14:49:53	来自iPhone客户端
电视剧三十而已	:【沪上新鲜事】 #梁正贤给王漫妮送车#新车送上！王漫妮@江疏影 该不该收梁先生@edward_馬志威 的贵重礼物？顾姐·列文虎克再上线！顾佳@童瑶 许幻山@演员李泽锋 巡查工厂安全，顾姐通过蛛丝马迹发现安全隐患？离婚后同居？陈屿@杨玏 钟晓芹@毛晓彤 离婚后又签同居合约，晴雨夫妇何去何从？今晚也相约腾讯视频、东方卫视，跟瑟提一起追剧吧！ #三十而已#	2020-07-23 11:00:04    	南通长江凯迪拉克	3311575552	南通长江凯迪拉克://@凯迪拉克:梁正贤送的凯迪拉克XT4，王漫妮该不该收？大家觉得呢？ #三十而已#	赞[0]	2020-07-24 13:19:41	来自HUAWEI Mate 20
电视剧三十而已	:【沪上新鲜事】 #梁正贤给王漫妮送车#新车送上！王漫妮@江疏影 该不该收梁先生@edward_馬志威 的贵重礼物？顾姐·列文虎克再上线！顾佳@童瑶 许幻山@演员李泽锋 巡查工厂安全，顾姐通过蛛丝马迹发现安全隐患？离婚后同居？陈屿@杨玏 钟晓芹@毛晓彤 离婚后又签同居合约，晴雨夫妇何去何从？今晚也相约腾讯视频、东方卫视，跟瑟提一起追剧吧！ #三十而已#	2020-07-23 11:00:04    	凯迪拉克河南威佳福盛	6486941145	凯迪拉克河南威佳福盛:最新剧情放送//@凯迪拉克:梁正贤送的凯迪拉克XT4，王漫妮该不该收？大家觉得呢？ #三十而已#	赞[0]	2020-07-24 11:51:16	来自iPhone客户端
电视剧三十而已	:【沪上新鲜事】 #梁正贤给王漫妮送车#新车送上！王漫妮@江疏影 该不该收梁先生@edward_馬志威 的贵重礼物？顾姐·列文虎克再上线！顾佳@童瑶 许幻山@演员李泽锋 巡查工厂安全，顾姐通过蛛丝马迹发现安全隐患？离婚后同居？陈屿@杨玏 钟晓芹@毛晓彤 离婚后又签同居合约，晴雨夫妇何去何从？今晚也相约腾讯视频、东方卫视，跟瑟提一起追剧吧！ #三十而已#	2020-07-23 11:00:04    	车车车车车车吐槽	571627847	车车车车车车吐槽:听说汽车淘礼包购XT4还有礼包送哦//@凯迪拉克:梁正贤送的凯迪拉克XT4，王漫妮该不该收？大家觉得呢？ #三十而已#	赞[0]	2020-07-24 11:10:38	来自iPhone客户端
电视剧三十而已	:【沪上新鲜事】 #梁正贤给王漫妮送车#新车送上！王漫妮@江疏影 该不该收梁先生@edward_馬志威 的贵重礼物？顾姐·列文虎克再上线！顾佳@童瑶 许幻山@演员李泽锋 巡查工厂安全，顾姐通过蛛丝马迹发现安全隐患？离婚后同居？陈屿@杨玏 钟晓芹@毛晓彤 离婚后又签同居合约，晴雨夫妇何去何从？今晚也相约腾讯视频、东方卫视，跟瑟提一起追剧吧！ #三十而已#	2020-07-23 11:00:04    	洛阳威佳凯迪拉克	lycadillac	洛阳威佳凯迪拉克:该不该收呢？//@凯迪拉克: 梁正贤送的凯迪拉克XT4，王漫妮该不该收？大家觉得呢？ #三十而已#	赞[0]	2020-07-24 11:02:36	来自搜狗高速浏览器
电视剧三十而已	:【沪上新鲜事】 #梁正贤给王漫妮送车#新车送上！王漫妮@江疏影 该不该收梁先生@edward_馬志威 的贵重礼物？顾姐·列文虎克再上线！顾佳@童瑶 许幻山@演员李泽锋 巡查工厂安全，顾姐通过蛛丝马迹发现安全隐患？离婚后同居？陈屿@杨玏 钟晓芹@毛晓彤 离婚后又签同居合约，晴雨夫妇何去何从？今晚也相约腾讯视频、东方卫视，跟瑟提一起追剧吧！ #三十而已#	2020-07-23 11:00:04    	夏之夜凉如水	1571932451	夏之夜凉如水://@凯迪拉克:梁正贤送的凯迪拉克XT4，王漫妮该不该收？大家觉得呢？ #三十而已#	赞[0]	2020-07-24 10:36:11	来自荣耀V20 4800万3D相机
电视剧三十而已	:【沪上新鲜事】 #梁正贤给王漫妮送车#新车送上！王漫妮@江疏影 该不该收梁先生@edward_馬志威 的贵重礼物？顾姐·列文虎克再上线！顾佳@童瑶 许幻山@演员李泽锋 巡查工厂安全，顾姐通过蛛丝马迹发现安全隐患？离婚后同居？陈屿@杨玏 钟晓芹@毛晓彤 离婚后又签同居合约，晴雨夫妇何去何从？今晚也相约腾讯视频、东方卫视，跟瑟提一起追剧吧！ #三十而已#	2020-07-23 11:00:04    	凯迪拉克河南新凯迪	hnxkdcadillac	凯迪拉克河南新凯迪://@凯迪拉克:梁正贤送的凯迪拉克XT4，王漫妮该不该收？大家觉得呢？ #三十而已#	赞[0]	2020-07-29 16:28:05	来自小米10 Pro
电视剧三十而已	:【沪上新鲜事】 #梁正贤给王漫妮送车#新车送上！王漫妮@江疏影 该不该收梁先生@edward_馬志威 的贵重礼物？顾姐·列文虎克再上线！顾佳@童瑶 许幻山@演员李泽锋 巡查工厂安全，顾姐通过蛛丝马迹发现安全隐患？离婚后同居？陈屿@杨玏 钟晓芹@毛晓彤 离婚后又签同居合约，晴雨夫妇何去何从？今晚也相约腾讯视频、东方卫视，跟瑟提一起追剧吧！ #三十而已#	2020-07-23 11:00:04    	凯迪拉克河南威佳福盛	6486941145	凯迪拉克河南威佳福盛://@凯迪拉克:梁正贤送的凯迪拉克XT4，王漫妮该不该收？大家觉得呢？ #三十而已#	赞[0]	2020-07-27 15:37:27	来自iPhone客户端
电视剧三十而已	:【沪上新鲜事】 #梁正贤给王漫妮送车#新车送上！王漫妮@江疏影 该不该收梁先生@edward_馬志威 的贵重礼物？顾姐·列文虎克再上线！顾佳@童瑶 许幻山@演员李泽锋 巡查工厂安全，顾姐通过蛛丝马迹发现安全隐患？离婚后同居？陈屿@杨玏 钟晓芹@毛晓彤 离婚后又签同居合约，晴雨夫妇何去何从？今晚也相约腾讯视频、东方卫视，跟瑟提一起追剧吧！ #三十而已#	2020-07-23 11:00:04    	马骏要努力	5090997096	马骏要努力://@凯迪拉克:梁正贤送的凯迪拉克XT4，王漫妮该不该收？大家觉得呢？ #三十而已#	赞[0]	2020-07-27 15:05:11	来自小米10 Pro
电视剧三十而已	:【沪上新鲜事】 #梁正贤给王漫妮送车#新车送上！王漫妮@江疏影 该不该收梁先生@edward_馬志威 的贵重礼物？顾姐·列文虎克再上线！顾佳@童瑶 许幻山@演员李泽锋 巡查工厂安全，顾姐通过蛛丝马迹发现安全隐患？离婚后同居？陈屿@杨玏 钟晓芹@毛晓彤 离婚后又签同居合约，晴雨夫妇何去何从？今晚也相约腾讯视频、东方卫视，跟瑟提一起追剧吧！ #三十而已#	2020-07-23 11:00:04    	凯迪拉克北京达世行	bjdshcadillac	凯迪拉克北京达世行://@凯迪拉克: 梁正贤送的凯迪拉克XT4，王漫妮该不该收？大家觉得呢？ #三十而已#	赞[0]	2020-07-27 10:47:39	来自搜狗高速浏览器
电视剧三十而已	:【沪上新鲜事】 #梁正贤给王漫妮送车#新车送上！王漫妮@江疏影 该不该收梁先生@edward_馬志威 的贵重礼物？顾姐·列文虎克再上线！顾佳@童瑶 许幻山@演员李泽锋 巡查工厂安全，顾姐通过蛛丝马迹发现安全隐患？离婚后同居？陈屿@杨玏 钟晓芹@毛晓彤 离婚后又签同居合约，晴雨夫妇何去何从？今晚也相约腾讯视频、东方卫视，跟瑟提一起追剧吧！ #三十而已#	2020-07-23 11:00:04    	凯迪拉克-新乡卡迪	xxcadillac	凯迪拉克-新乡卡迪://@凯迪拉克: 梁正贤送的凯迪拉克XT4，王漫妮该不该收？大家觉得呢？ #三十而已#	赞[0]	2020-07-27 10:34:59	来自360安全浏览器
电视剧三十而已	:【沪上新鲜事】 #梁正贤给王漫妮送车#新车送上！王漫妮@江疏影 该不该收梁先生@edward_馬志威 的贵重礼物？顾姐·列文虎克再上线！顾佳@童瑶 许幻山@演员李泽锋 巡查工厂安全，顾姐通过蛛丝马迹发现安全隐患？离婚后同居？陈屿@杨玏 钟晓芹@毛晓彤 离婚后又签同居合约，晴雨夫妇何去何从？今晚也相约腾讯视频、东方卫视，跟瑟提一起追剧吧！ #三十而已#	2020-07-23 11:00:04    	新丰泰凯盛凯迪拉克	xacadillac	新丰泰凯盛凯迪拉克://@凯迪拉克: 梁正贤送的凯迪拉克XT4，王漫妮该不该收？大家觉得呢？ #三十而已#	赞[0]	2020-07-26 16:55:48	来自微博 weibo.com
电视剧三十而已	:【沪上新鲜事】 #梁正贤给王漫妮送车#新车送上！王漫妮@江疏影 该不该收梁先生@edward_馬志威 的贵重礼物？顾姐·列文虎克再上线！顾佳@童瑶 许幻山@演员李泽锋 巡查工厂安全，顾姐通过蛛丝马迹发现安全隐患？离婚后同居？陈屿@杨玏 钟晓芹@毛晓彤 离婚后又签同居合约，晴雨夫妇何去何从？今晚也相约腾讯视频、东方卫视，跟瑟提一起追剧吧！ #三十而已#	2020-07-23 11:00:04    	桃花源记6187172222	6187172222	桃花源记6187172222:转发微博	赞[0]	2020-07-25 23:26:59	来自vivo Y81系列
电视剧三十而已	:【沪上新鲜事】 #梁正贤给王漫妮送车#新车送上！王漫妮@江疏影 该不该收梁先生@edward_馬志威 的贵重礼物？顾姐·列文虎克再上线！顾佳@童瑶 许幻山@演员李泽锋 巡查工厂安全，顾姐通过蛛丝马迹发现安全隐患？离婚后同居？陈屿@杨玏 钟晓芹@毛晓彤 离婚后又签同居合约，晴雨夫妇何去何从？今晚也相约腾讯视频、东方卫视，跟瑟提一起追剧吧！ #三十而已#	2020-07-23 11:00:04    	芜湖众国凯泓凯迪拉克4S店	7390432449	芜湖众国凯泓凯迪拉克4S店://@凯迪拉克: 梁正贤送的凯迪拉克XT4，王漫妮该不该收？大家觉得呢？ #三十而已#	赞[0]	2020-07-25 13:32:30	来自360安全浏览器
电视剧三十而已	:【沪上新鲜事】 #梁正贤给王漫妮送车#新车送上！王漫妮@江疏影 该不该收梁先生@edward_馬志威 的贵重礼物？顾姐·列文虎克再上线！顾佳@童瑶 许幻山@演员李泽锋 巡查工厂安全，顾姐通过蛛丝马迹发现安全隐患？离婚后同居？陈屿@杨玏 钟晓芹@毛晓彤 离婚后又签同居合约，晴雨夫妇何去何从？今晚也相约腾讯视频、东方卫视，跟瑟提一起追剧吧！ #三十而已#	2020-07-23 11:00:04    	南通长江凯迪拉克	3311575552	南通长江凯迪拉克://@凯迪拉克:梁正贤送的凯迪拉克XT4，王漫妮该不该收？大家觉得呢？ #三十而已#	赞[0]	2020-07-25 10:47:04	来自HUAWEI Mate 20
电视剧三十而已	:【沪上新鲜事】 #梁正贤给王漫妮送车#新车送上！王漫妮@江疏影 该不该收梁先生@edward_馬志威 的贵重礼物？顾姐·列文虎克再上线！顾佳@童瑶 许幻山@演员李泽锋 巡查工厂安全，顾姐通过蛛丝马迹发现安全隐患？离婚后同居？陈屿@杨玏 钟晓芹@毛晓彤 离婚后又签同居合约，晴雨夫妇何去何从？今晚也相约腾讯视频、东方卫视，跟瑟提一起追剧吧！ #三十而已#	2020-07-23 11:00:04    	凯迪拉克-朗巍凯迪4S店	langweiCadillac	凯迪拉克-朗巍凯迪4S店://@凯迪拉克: 梁正贤送的凯迪拉克XT4，王漫妮该不该收？大家觉得呢？ #三十而已#	赞[0]	2020-07-24 17:52:43	来自360安全浏览器
